-4394274606271.173340 	 -9653908428365.476562 	 10350169648797.052734 	 4949314237321.989258
-1260609559396.258057 	 8306841915603.059570 	 4422680876004.979492 	 1838417545096.045654
631343236720.537964 	 -10144286167984.257812 	 1421854673268.833984 	 -11008842752985.923828
12931292833223.490234 	 -2432201484174.451660 	 1342946532456.177979 	 13367446778439.673828
1158025474043.387207 	 8210329980249.113281 	 -6260289666779.109375 	 4231480258868.624512
8815453483261.656250 	 7926126825755.774414 	 10767132375873.017578 	 -83672288187.962860
3075804349387.095703 	 -7962645799457.807617 	 2284392064353.315918 	 -216911639483.595795
-11778443583835.449219 	 -13676986993652.755859 	 21641819937305.171875 	 -5022903441394.220703
17981019873789.558594 	 -7628702046806.752930 	 1662281398661.721191 	 5714413488260.506836
-4852670092515.772461 	 -6680370479379.639648 	 3698276797457.257812 	 -3569855951550.767578
4416470472532.296875 	 -2501731149644.512695 	 7329611151617.219727 	 3514226435455.818359
-13020904274444.609375 	 -7651256596188.709961 	 2895967622743.569336 	 13487000991135.265625
-7791234368527.874023 	 -4777174641714.430664 	 -19865287892778.636719 	 3982557701395.584473
936098113441.174438 	 2201227518449.661621 	 -169213918649.739807 	 -1697697182551.573486
-4342614567520.917969 	 1148594840692.105225 	 4781113234194.529297 	 -6869458441088.085938
-6404228923031.755859 	 15291310815135.070312 	 21500599478373.089844 	 -1653389985566.230713
6360969552396.032227 	 -2699275098673.383789 	 8352309622768.328125 	 -2565634291340.051270
6593290693840.851562 	 -18283191980656.882812 	 13190932124358.716797 	 5947816969425.776367
-2766654032567.555664 	 -550031117777.927979 	 -11645951355702.109375 	 -6438193496059.549805
1861037294796.025879 	 11249060787983.978516 	 8741006850107.391602 	 9508858598982.582031
-3901485679876.171387 	 -8252754384970.011719 	 22071087097950.949219 	 -3621527019202.312988
5641216586565.534180 	 -20497482513519.683594 	 21500253140698.449219 	 -3190254618260.165527
5421928189933.250977 	 -3112334610970.332520 	 -16198785901261.183594 	 -1114661555705.244629
-7604127189537.745117 	 -5399267337860.699219 	 8652756739309.288086 	 15574294539788.189453
-5067985624632.284180 	 2598636033505.949219 	 -13357464462570.037109 	 5046241179160.246094
8090521458685.750977 	 -3755228420801.747559 	 -4137223228024.572754 	 -5855255792886.324219
-7299626488590.976562 	 3966253555272.007812 	 -6043613151330.902344 	 -1378774172898.533691
2276559911048.156738 	 -11862120117935.904297 	 -4377872490695.528809 	 -14722242442288.984375
13580580933230.427734 	 -658831343112.984009 	 1346570882445.436768 	 24891798528518.574219
13622060137607.515625 	 -5159350787607.808594 	 26084636772179.777344 	 3699592775618.052246
-10459772747712.697266 	 3870573609236.607422 	 -11484075513043.271484 	 -2733151068643.190430
3067773873990.541016 	 15494817538302.613281 	 -852091468120.707397 	 -10043313439038.308594
558767840892.273560 	 -6317837226142.503906 	 10595547902216.310547 	 -16267689224467.279297
-17063641807484.306641 	 14157741368342.863281 	 10163939026341.898438 	 9242101628283.003906
4882280977960.062500 	 -5939233659826.529297 	 3631636192071.432129 	 21656110442139.078125
7124346504372.230469 	 -3153214049955.221680 	 14814937191636.845703 	 1824897490303.977051
14342413009158.585938 	 -3453778729310.529297 	 -17911197658263.652344 	 2858856507967.513672
6352791392541.129883 	 2496787525272.181641 	 -2234472928893.312988 	 2615429167718.926270
2731861494654.271973 	 2439468335603.466797 	 -5816392615680.945312 	 6492338236176.469727
-1428846900512.435791 	 -13966073146890.474609 	 6094469039766.822266 	 -885865954886.938110
-9192206698914.943359 	 -5925569150338.288086 	 -7226943765800.500000 	 4228071873120.798828
-4149233854820.451660 	 -6178165456926.785156 	 14877290972881.699219 	 -2703423231845.273438
-3147027381809.298340 	 9763890942360.310547 	 246161253425.312744 	 18850402414540.964844
-8773807310879.278320 	 188118632520.606140 	 10075270105111.232422 	 1974500250811.317871
970364128272.374756 	 -13901070511940.119141 	 2162038765368.003906 	 -10482640193231.656250
-635517092.362138 	 -10910180584445.869141 	 -3150918197499.229004 	 -6823462110723.487305
2001793505379.748535 	 1342732451715.463867 	 8264267791442.106445 	 -13383397659746.107422
-5700182006676.998047 	 8750969448130.697266 	 9473472355009.779297 	 7987045034426.833984
-10383741745202.675781 	 -4543304521557.047852 	 -3413867147284.939453 	 10011586294859.154297
-11655004886979.001953 	 1527952977061.461426 	 602445026706.181519 	 6522001432860.803711
2952754808633.360352 	 -23717847776085.515625 	 -1823037908758.462891 	 4838030150029.966797
14927907901125.167969 	 -9284699396742.445312 	 -19137930505417.089844 	 6534472672824.309570
1702137605015.930420 	 -7439307153593.646484 	 -6973989897383.347656 	 -12799960905201.248047
6159110665536.892578 	 2225046558316.456543 	 13396353538648.304688 	 3241825785223.449219
-11108272441491.208984 	 5797570686805.471680 	 16580839044828.175781 	 -8009466881298.185547
3357886822957.265137 	 -1305246552489.996582 	 4929579430280.314453 	 -14139834702393.513672
15996062488077.933594 	 -3046940612725.698730 	 3303420724156.019531 	 -4990296981212.716797
7148059012954.497070 	 16793435279258.544922 	 -6346672927729.205078 	 9149664753936.117188
-7271781536386.585938 	 -5029296455720.675781 	 6857190307696.553711 	 -2212229087046.581055
8927302709577.046875 	 10122843552309.873047 	 4347476367469.972656 	 4402077024353.047852
-2570177546934.972656 	 3102497694981.121582 	 -1464785581624.762207 	 -15140621215692.390625
1378103722701.477539 	 14632506638586.697266 	 -6199040885940.629883 	 3945451783348.207520
16029370576387.689453 	 -12374507657307.392578 	 -5111347138134.223633 	 -1554827504685.562012
-18794198146001.910156 	 12014672951143.062500 	 -347047384453.241882 	 -10806971373935.369141
3160596993146.406738 	 -3828187101967.592285 	 2855521393146.475098 	 -4956323546371.245117
-448793199859.721497 	 15491467571621.568359 	 7333390705682.405273 	 -6479388785111.084961
-14780892349572.654297 	 -3209420946939.663574 	 8674876992070.640625 	 -13280257179293.095703
8108246914259.144531 	 -3273118132697.268066 	 103334219068.090500 	 9063235810139.263672
-4986695631403.545898 	 -5104935983351.900391 	 14162593971088.494141 	 -2719598603650.595703
9822048612229.117188 	 3091433122851.892090 	 2324974720777.573730 	 -14859467915854.865234
13244923090089.070312 	 -2420342418482.053223 	 33403143440.279598 	 5336166138527.983398
-741530756930.645264 	 -4083084010248.849121 	 -3844519665889.091309 	 -6814720293555.048828
4201481990908.125488 	 -302547181435.212463 	 2679732258319.708496 	 3233180885689.252930
-7042843584873.480469 	 2663632375985.219727 	 -5962910517988.793945 	 6282512523988.203125
2393363554456.946777 	 -5098872775172.746094 	 -9957477592823.580078 	 16965080149340.136719
10923874656798.035156 	 -14453712400590.271484 	 5622329891845.148438 	 7446319133257.436523
23674840467931.511719 	 -13789148636904.906250 	 5676418232866.670898 	 -5324307905680.796875
-1239336547909.633301 	 -6832841621926.281250 	 10146426065480.757812 	 11079247666438.037109
-10763981525912.128906 	 5831968544191.381836 	 -14676802798086.183594 	 12990038934797.416016
8138673319556.475586 	 16012538671817.738281 	 -6992775587445.573242 	 11272930439838.019531
-3005953710636.946289 	 -2604238017949.436523 	 -4060787645954.354980 	 -3768711321911.928223
2660272260141.137695 	 4935620293107.335938 	 -1159126646703.813721 	 6160296405820.752930
3287195847257.290039 	 7428433991394.443359 	 -405736557500.092834 	 -6193428720615.750000
-5958277047979.160156 	 4233882563364.955078 	 1510822425291.433838 	 606364219590.406738
9104551942074.240234 	 1989086931040.164795 	 -21469459404451.214844 	 -3798408458768.467285
12465133172197.837891 	 3068713644172.512695 	 3496868661036.202148 	 10274487451089.091797
-1609925205245.780762 	 -346223478576.489807 	 7122604296031.334961 	 -11925381900431.470703
-7813774326136.486328 	 -4241312021683.724121 	 5182148845451.599609 	 -7517721355845.518555
-2413854303807.291992 	 6640462219045.676758 	 3827475642708.451660 	 9429245509143.818359
-8814148379265.691406 	 14854710286954.416016 	 8877402680333.326172 	 -8025311719236.883789
6740397276065.697266 	 -8090040664643.046875 	 2366515954468.757812 	 2579246601458.948730
3192213395173.272949 	 8354369919430.357422 	 -531366870806.695129 	 -9073053741904.666016
397511793699.484070 	 -13183617806992.316406 	 -12428567389518.048828 	 24024969046168.105469
-1064781653896.561035 	 -5226745393495.099609 	 3701820115473.183594 	 -6355825688149.856445
-5802394471984.891602 	 -1527092916263.165771 	 3672862934726.929199 	 11145153826401.625000
-2923536148283.651855 	 -1354919875669.667480 	 -4322830345745.901855 	 12534575718832.958984
-4723524126942.333008 	 -2098302352588.239990 	 -2759686597600.083984 	 3394003839641.064941
-7481712827418.820312 	 -24153958396679.835938 	 -1262633192111.002197 	 13373448573632.441406
1950058653556.423584 	 13827801922447.556641 	 -2304157117346.770020 	 7766839777006.038086
-1483935914818.747559 	 2250954757086.925293 	 -16346281682.346090 	 -1319654716796.341797
5889510845577.386719 	 -16013117843228.087891 	 4222052624680.533691 	 24954107932457.597656
3970355706744.018555 	 3922703677860.574219 	 -11897716130124.470703 	 2022510744288.843262
-4499293077005.626953 	 7858732113718.715820 	 -3711125257423.843750 	 8659945646501.625000
-18719783917376.914062 	 6645581045494.685547 	 4693087008968.009766 	 -5551933975377.940430
4007489634027.065430 	 1745948426465.195312 	 -159792920718.362122 	 5691473623215.515625
-2948502398867.077637 	 565214860145.265259 	 -9605425867795.781250 	 -2158211277077.573730
-5333206910288.645508 	 -8098304284706.693359 	 19163172056109.039062 	 4025205189270.939941
-12124942417907.833984 	 5088001954977.137695 	 12264333832088.478516 	 -2924431496785.847168
-2572173641451.725586 	 8103925483454.325195 	 -3536260954228.442383 	 -907682291608.690918
-7890047890781.236328 	 3725706663397.000977 	 12018467862698.568359 	 4745777850231.118164
2329859525254.617676 	 -7023358533843.806641 	 -7816736643131.288086 	 3817680419205.226074
-11356358982254.248047 	 -524585538307.677429 	 1856902843794.769531 	 1676362056585.079346
-1732996470722.815186 	 -5647941099934.077148 	 3774278725436.657227 	 3146317085175.020508
-9873456987794.052734 	 -5162132245400.377930 	 8756655941254.542969 	 -707863229063.472534
-344045363046.809082 	 3344063543347.708008 	 -2699959129757.478027 	 2845405279743.296387
-12467387683514.408203 	 -9180516873356.195312 	 -10778313175711.957031 	 -7110875981332.681641
5853845622460.140625 	 -17776396633154.117188 	 2625524998212.754883 	 4732342866041.334961
-4034174010124.002441 	 2048436068399.769531 	 992130994548.054321 	 -2350275761967.511719
3702717420265.783691 	 10569198852453.068359 	 -29188797598836.535156 	 11286265631926.294922
-8429983209300.225586 	 -639140106640.235474 	 5260051928309.304688 	 -4034910048242.004883
7441353838733.219727 	 -1648883222027.724121 	 4168038090298.041504 	 -159539837993.612213
5453755059605.852539 	 -3129916628927.730957 	 -952613472908.186279 	 -3535432173887.802734
-2841205509687.805176 	 -7627610572795.861328 	 -3982310294204.153809 	 3737836297190.628906
-7214172486416.489258 	 -6501880357022.150391 	 16434877447167.951172 	 6103662053043.347656
-10613114706691.859375 	 10200842459136.201172 	 8831358589879.408203 	 -10614204226286.578125
-1158490533885.732178 	 1222595873343.682861 	 805798927476.964722 	 -9243676813801.355469
-9502151107402.138672 	 -7841112596452.000000 	 3249627031666.112305 	 5957129017535.270508
-2530369570580.041016 	 -13439985692494.425781 	 -11671880314899.523438 	 -630435917377.013184
-2184026020999.234131 	 -1986161655818.751953 	 -1523785056542.465820 	 -7712519351368.021484
373990604394.663696 	 -3968954903434.333008 	 -7154981612879.678711 	 -6581087495757.225586
11828904442136.144531 	 -1282310250197.670898 	 -15644616392423.880859 	 -8975210020634.009766
3087215088410.897461 	 -980679234801.239624 	 5540614515360.736328 	 -10186820741036.597656
-3141364830611.351074 	 7475105102243.282227 	 17930617171742.457031 	 -1009353098780.288574
5880919013583.205078 	 -4239546086780.310547 	 7038266740316.627930 	 305544145466.065552
-896151785772.484131 	 -16345469746815.667969 	 5870143547222.757812 	 19325699876501.523438
-970332495826.449585 	 5516227641282.137695 	 10228285346475.855469 	 22774720347957.898438
10257822586.134495 	 5597127028930.507812 	 1383363355548.058350 	 -2671405574638.730469
-13514912953102.714844 	 -1876382427584.789795 	 -5358114396109.175781 	 18471442233259.406250
-3883204706688.862793 	 -10385495331008.273438 	 -13533223237518.314453 	 865827562775.369141
837784497278.717651 	 4617930115303.653320 	 -1751531867952.566406 	 2665344509960.837891
-10656581710342.162109 	 -356235872070.503418 	 8128758421991.430664 	 20979130267117.550781
383771468040.803284 	 4262823884284.143555 	 4553582291891.864258 	 6539264741925.824219
-1756591063340.844482 	 1868156697406.583984 	 8531815479304.080078 	 931460630813.232666
9784762755270.476562 	 3332591609671.607422 	 -12166546517351.517578 	 -4728395566932.344727
-3041463206506.014648 	 -6202237033473.443359 	 3314287894472.264648 	 958742330084.098877
8855274266886.089844 	 -4023450911605.356934 	 -9426413313643.050781 	 941943870715.291260
-1460024686629.302734 	 -13390418884681.726562 	 9893883755893.576172 	 8969420534288.621094
-2635044133226.498535 	 2089267307938.187012 	 -3592419105794.850586 	 1268152932813.556396
9964434793684.906250 	 -4318207127893.916992 	 -8705124634321.836914 	 -12493659764421.458984
-5309982842477.720703 	 -6044049251098.042969 	 10076429523276.255859 	 18008474076292.394531
9243691148846.556641 	 -911974096740.589966 	 -11510730946590.193359 	 -5189291904332.909180
-6911624059873.652344 	 1943521022971.462646 	 5429047342918.686523 	 -12198105058518.576172
9559172766626.738281 	 15145551241770.251953 	 -7183050506942.225586 	 -383912193933.911743
-15985659548077.380859 	 283840804456.682251 	 -8615416446923.280273 	 3625819762929.609863
-8900935992480.011719 	 -11246204283604.425781 	 20952974982187.464844 	 -534351187088.301453
5866333977128.637695 	 9149014476373.464844 	 905203808881.818115 	 -13080591654974.279297
-7042827436355.498047 	 23221640264602.796875 	 -1482749929307.599365 	 3788360224366.442871
-1552001544731.224854 	 10676463458436.304688 	 9679773094851.638672 	 -6081031379138.452148
1562147391549.752441 	 2083084764939.537354 	 -5511974829672.610352 	 12560167685386.058594
-3590132642715.894531 	 16929804448461.664062 	 -7027890419995.559570 	 5630063209503.076172
7370976515210.434570 	 -3790139824561.042480 	 -3569400664436.645996 	 4238483037172.289062
-15629674687502.943359 	 -1844464915871.640381 	 1543123439976.032227 	 5968029522848.112305
1771728519706.146484 	 -12726522337349.287109 	 -3698488935694.672852 	 12954852319188.826172
7641115566835.582031 	 -8402235660778.254883 	 -3554703501380.283691 	 11990082841254.857422
9039829816082.994141 	 -1491863007352.805664 	 -3366308905997.336914 	 5079894582250.442383
-5701085452712.488281 	 6033585408449.924805 	 5390393925327.758789 	 12008390291048.847656
7317578098352.033203 	 -10420445954981.890625 	 189398943106.964691 	 -11028466752415.890625
7290467031905.314453 	 -5319529804324.778320 	 1637002214736.224121 	 19274141208684.730469
-2759169533840.820312 	 -7911064065513.117188 	 1406955730467.768799 	 2092647053839.514404
-9123069216014.851562 	 -3984136248168.489258 	 10835528976912.666016 	 5664354768667.926758
-6313504457174.624023 	 1225409991336.865479 	 6407735883855.485352 	 13465128148170.660156
6286154121652.426758 	 3209145949492.206543 	 -11302910729670.675781 	 2802210070131.027832
-2104999365218.222412 	 -577570694825.193848 	 -842091702827.309814 	 12901774349474.525391
-15232720431517.429688 	 -1103985691408.475342 	 1305748558106.294434 	 -5622065780018.954102
-418543118557.578796 	 3589671455027.182129 	 -5252954245391.509766 	 -7435221545717.564453
476328309755.196777 	 3798093282532.554688 	 11771471667881.000000 	 -3015678770514.617676
4904651968963.466797 	 6035765363504.063477 	 -538965602792.250854 	 7179991483011.920898
806216325934.716919 	 -2497817207284.540039 	 -10879084750763.304688 	 2271821444835.895996
14066099763058.755859 	 -6032168047061.454102 	 10829252733072.367188 	 2738808449672.742676
8378227718667.898438 	 749452500020.332886 	 1636913245744.008057 	 -1946045024090.039795
-2623149895240.979492 	 -11576468781257.802734 	 -3145866029900.684570 	 1090763616389.374268
-5822024928208.429688 	 4865535201979.632812 	 -147360124587.373749 	 1389965996017.856445
-3400243989640.966309 	 -16752553653112.464844 	 -5864115176429.924805 	 6856121052277.289062
-2552032082127.119629 	 8652759331900.548828 	 -4763315035895.506836 	 7372499585908.973633
1901698202052.217529 	 5888305518727.332031 	 -2645954471614.383789 	 568766935476.139771
566282326359.924927 	 -9162989305615.681641 	 7035701078464.791016 	 10379252119512.539062
6689253149395.256836 	 -10632228749329.851562 	 -1022969633629.633423 	 -3942646346710.089355
10992159931134.654297 	 -1873578355996.176758 	 -3203191044935.897461 	 -11623544806606.091797
-9668217006102.392578 	 -5453989917105.020508 	 -5047283980142.282227 	 -10568617558391.625000
5986948161387.400391 	 -12137456537542.093750 	 -11083991480707.150391 	 -18531112600409.566406
7081452499408.291016 	 -10904002780273.939453 	 -16533339126232.398438 	 -3770467449431.923340
-7651839269244.530273 	 -13697455653524.626953 	 -6806913922104.178711 	 -7901916719723.124023
-4361909465071.458984 	 -3328451299817.029785 	 2836848640587.848633 	 12781529294652.103516
15682539151855.296875 	 9123147605426.351562 	 -17703556316666.113281 	 -12466278464721.779297
610719901467.642090 	 7305097051585.120117 	 -4851394537726.174805 	 6445725857139.552734
1951288918329.215820 	 -1984792019152.833496 	 -6505061973581.427734 	 3134741773129.365234
-18542322968706.253906 	 3023952601958.669922 	 17406839995425.900391 	 9301102082854.251953
12297281486942.753906 	 -13381131787734.687500 	 335887047893.180298 	 4658183961178.650391
6824351049337.788086 	 1709917976114.710449 	 -1281908492371.396484 	 8696633650789.623047
5509662250853.411133 	 -3816706210879.787109 	 -11882568720638.595703 	 11895606645367.964844
735280359744.728271 	 939652880163.382690 	 -1175821746194.163330 	 12247108015138.537109
5303921916944.060547 	 4180685709163.948242 	 -20892062724164.343750 	 10618027140838.203125
428109610336.645142 	 -8167406045239.378906 	 -4296745992392.991211 	 -8829965563415.144531
-4549387747727.049805 	 -2690601049987.860352 	 11329300063741.115234 	 556588090104.620850
8793720726517.988281 	 2725113026805.293945 	 -2541280279403.211426 	 1893958768805.776123
-2921405339814.331543 	 9726016727348.539062 	 -21666044445076.035156 	 13012865179236.361328
7385247438635.761719 	 16110652466911.710938 	 4687943606713.260742 	 -5964513781658.495117
-14517615127874.181641 	 -4467722410892.885742 	 -7166533941886.819336 	 19963357281229.871094
10139022956643.982422 	 -14576030340679.669922 	 -11063736601684.205078 	 -4435741457442.738281
-3356754081371.332520 	 -873745821055.487061 	 -5183226524303.057617 	 271223562788.079681
5048669371149.209961 	 6283276631698.759766 	 -10564789500752.615234 	 -3399648892461.206055
9103053523302.330078 	 -5311734380274.192383 	 -9878025758741.882812 	 -1871106385816.706055
-10929731942052.521484 	 -831789592953.684204 	 -10478544982605.082031 	 -3707181425513.865723
-9487555135788.947266 	 5943539056131.513672 	 14676602105160.279297 	 -2223052218901.741211
13943947768470.755859 	 8093665640110.110352 	 -8822932292732.869141 	 2348661756049.916016
-5426640239508.616211 	 3070507772420.446289 	 -9198356369769.818359 	 4980719655356.282227
11838862243916.744141 	 -6862170245780.163086 	 6146516718570.437500 	 4165319273718.987305
14554759808138.117188 	 2149794666962.360352 	 6313622409908.629883 	 -30074384247294.972656
6979969187729.243164 	 -8745062929874.275391 	 5705057339556.105469 	 -6098810453774.468750
-4805517049737.600586 	 -3705449361807.271973 	 -6564369340497.133789 	 -2727005570429.114258
18476695187656.742188 	 -4130684275248.656738 	 1357580850805.727295 	 8175680662975.287109
-3159489273003.935059 	 -11222197010576.654297 	 4679032384968.180664 	 -21542734580738.074219
1899480832075.937256 	 22898979235831.949219 	 4854558972581.750977 	 -1225340654172.582764
-8461634032722.911133 	 -5542470840884.658203 	 11350296630158.732422 	 -6189951674381.713867
9532232183160.039062 	 -9800473271280.634766 	 -7703150191657.048828 	 4276361697872.498535
15333593568761.632812 	 7997453192147.943359 	 -1787699635630.292236 	 -7661699567998.862305
6448811069083.764648 	 18786894670675.515625 	 -14632439906588.597656 	 -446673989468.023315
3413152043420.920898 	 -6296836024449.463867 	 13133401657022.033203 	 21245646951326.906250
10223899575628.722656 	 -7309354193462.251953 	 -6671471815243.154297 	 -5633654043921.478516
-2277168584858.589355 	 3243126291789.541992 	 -5111392231866.211914 	 -7380424073973.390625
-3730867814797.013184 	 3830549180864.172363 	 -17628923743650.140625 	 10392171336506.244141
-13667876089467.427734 	 -5142532087477.542969 	 -901194486459.064697 	 1576605992802.531006
-7264121584390.484375 	 29573140837407.597656 	 -17985017004577.613281 	 -3353340914255.265625
13639771745044.107422 	 120344491147.177719 	 -7262620532957.605469 	 3413206525776.199707
5087284493720.315430 	 -4088739079935.636230 	 -1637525345200.691406 	 -8010120835377.884766
-3614046278417.919922 	 -21563377255364.605469 	 9076801025536.097656 	 2417251257950.724609
-2410563552606.987793 	 7610606341090.586914 	 -1586190082657.394531 	 -8792012080294.417969
857088406761.940308 	 -7679580381828.129883 	 -1142412166881.994873 	 20494709632399.785156
4350740839817.184570 	 -1065698969383.941650 	 5291904330984.791016 	 -28742130949966.324219
-9236525520374.039062 	 -4658729878052.469727 	 5365877731421.615234 	 -7017582834910.004883
2818343394678.047852 	 -1244990749631.165039 	 -6510605197449.305664 	 -20480221070443.117188
-1785812055938.881104 	 21565124196235.230469 	 -7492713332222.739258 	 -4336710509987.626953
-13520138611613.980469 	 22647517899261.976562 	 6405064776240.592773 	 2358909130242.920898
-6273641014011.032227 	 1833819677757.690186 	 -3403184120708.229980 	 -8332463556293.401367
990830529127.790161 	 10602200876845.603516 	 10892995069035.371094 	 496427371660.201782
-9462900725151.904297 	 -15389771219978.128906 	 6340579925579.254883 	 5274444563177.324219
10486699773078.277344 	 9539882709160.589844 	 407202113823.359619 	 -9753795831004.000000
1412709705743.229736 	 -3290207839663.832520 	 -7770242445167.370117 	 -7808209052926.999023
-8285565445172.053711 	 7346186390508.747070 	 -20515391481984.808594 	 6957737705090.661133
2797866877919.476074 	 -8979196348453.410156 	 -10534944566077.710938 	 -6827646036775.009766
1409948891699.853516 	 3432332521678.436523 	 -20353479147927.101562 	 8066546072374.043945
-7883025540975.476562 	 -13929808005934.056641 	 -7724328495052.131836 	 -12553699134603.492188
-9698093647953.441406 	 3700722704313.118164 	 7945282350678.699219 	 -8525773811113.000000
-2358044824728.319336 	 116371868600.959747 	 6010379377381.828125 	 -9554809875030.345703
2286030818641.834473 	 -11744941743483.671875 	 -10603574702255.328125 	 -5640212082421.366211
2371299473617.342773 	 9172983788534.869141 	 -7694890166188.669922 	 8523011676893.247070
11217209701433.960938 	 5780796878747.689453 	 20119886657876.746094 	 -6091070051705.226562
-123997464097.674454 	 8851996486832.962891 	 -2093286992433.193115 	 6507933282824.936523
5482138104932.335938 	 7579854767858.874023 	 1637050803935.549805 	 -4856887107507.149414
-7247336214560.349609 	 15368909508922.871094 	 2143551284991.954346 	 8234597189117.286133
2108604754940.865723 	 18107061132831.816406 	 -4378372282364.379883 	 1244287358603.347656
-238844109431.886719 	 -11274142889322.150391 	 -9781985566155.724609 	 -2988314777678.747559
-416555240091.269775 	 -9849949661246.929688 	 -9807028032964.955078 	 12885249476354.392578
-13187503819028.492188 	 4413095735746.496094 	 3434754990458.331543 	 -9391415048893.521484
4643581674164.143555 	 -83522364577.403076 	 -3385467700464.610840 	 2409345524017.557617
12042568767752.052734 	 -428234363100.401672 	 -8614667355730.659180 	 -7995138331190.517578
-11771449849783.892578 	 1153737260935.875732 	 -4197445731551.254395 	 -3612555155712.394043
-6758536677633.303711 	 6727653835176.586914 	 -802673604967.093262 	 12484948317001.822266
-5818240512251.484375 	 13192737423755.632812 	 -366240779358.178467 	 -6372267618429.515625
5503139863723.030273 	 1731750377893.808594 	 9500958903816.710938 	 1392872013857.777100
-15700718491808.523438 	 3262708200334.930664 	 -3997937137458.475586 	 3301755402212.376465
-4905678835847.267578 	 2107132536922.885010 	 5203289282151.289062 	 -872276955707.435181
-5543156332155.284180 	 7182153566891.770508 	 -5928333056866.612305 	 15031078971003.019531
6391884496036.695312 	 -9446116542062.294922 	 8056338274257.778320 	 12174154475597.603516
1500013976744.074951 	 -6052937834142.470703 	 984760684693.192871 	 3812807029161.054199
5811862388503.095703 	 10662860829280.677734 	 7080602041699.189453 	 -1680302690343.210205
-6367379227184.361328 	 -3498707213842.315430 	 7795355597146.748047 	 1563090971597.779785
9849647852563.166016 	 -5872719657382.483398 	 12618772437268.304688 	 -2649053617954.527832
-9015996782498.095703 	 8198841509324.851562 	 13547360127237.701172 	 6519403164957.775391
4977196218879.555664 	 -2115353712060.700928 	 -22412706524210.281250 	 5959568656185.073242
-2868297383536.371094 	 -4025580877468.433594 	 -9387028622445.427734 	 1998136918818.414062
-22849684671270.363281 	 5623157587364.100586 	 1300391879335.740723 	 1206899709841.777100
-11548757519724.666016 	 -1329951172067.659424 	 -315987712217.838257 	 4710260867295.068359
9188486762947.662109 	 -11071958018759.890625 	 13380759709955.533203 	 -5281664326303.167969
-6242840267631.085938 	 -11173764750254.384766 	 987028631247.715942 	 5495702405309.251953
-3023922400249.821289 	 6990752996266.188477 	 19019675027084.769531 	 -6878833125040.555664
-2542269984441.967285 	 -5548461183714.718750 	 -12469456153565.384766 	 -2871224005658.048828
4843453946759.808594 	 -7741831147059.423828 	 -10071373761616.611328 	 4496375837240.492188
-19073419790197.902344 	 23108347454759.855469 	 -22165469600853.468750 	 8418339829988.786133
3156714263661.983398 	 3196349032050.875977 	 921667677918.445801 	 19099631415056.234375
-481803856383.131958 	 3519919973667.371582 	 -11131289166732.916016 	 14527230903849.101562
10162207664810.267578 	 -7419969007677.324219 	 4933147199964.166992 	 167317224154.944031
-6916496540724.002930 	 -11501041965920.207031 	 5163978117668.761719 	 6785473813848.212891
-2938288429080.714844 	 -2504523781565.570312 	 1360590731996.923096 	 -2372751807991.467285
5724281629919.804688 	 14933745580286.955078 	 -3576413611358.584473 	 76426827247.184845
-12838897213527.849609 	 1637092684814.451172 	 -1959417407616.806396 	 -7066900040675.735352
3426131627572.723145 	 -2543399475343.856934 	 -10123061567213.080078 	 -8765432122588.331055
-7525961346337.097656 	 8820398951851.960938 	 -2292706644654.905273 	 -11096312103569.968750
14632766780959.509766 	 -11759466665230.320312 	 -6378114948987.062500 	 4731955941773.709961
1219585655180.659424 	 293682027247.677612 	 11291745359136.591797 	 -5040697677605.924805
1248425249259.636963 	 -3686197129387.859863 	 -7843633756209.288086 	 14122034846784.621094
3736293286163.116699 	 5061257943546.335938 	 3204677492517.010742 	 -8402504780193.134766
243472229149.849426 	 -7896916811276.508789 	 -2872423864470.812012 	 -10288728388518.976562
3313763928587.451660 	 -2911169194800.472168 	 -10836487669339.236328 	 -5793572234360.603516
419015709552.638550 	 -6599114877381.571289 	 -14324135838412.476562 	 6977828031068.885742
-6341970998147.045898 	 6043967951278.100586 	 -719795394857.958862 	 5387728890528.808594
-9056226019878.972656 	 2191340792051.742920 	 6028525265941.240234 	 1844569452086.631104
-3141889747565.571289 	 8794779902184.148438 	 5866115993422.338867 	 -627387771860.034912
19321728283586.265625 	 7134275190705.486328 	 -7408249273329.081055 	 -2148308445705.328857
-14768084083128.830078 	 2929701007295.958008 	 -3613374334983.001953 	 4753011988123.403320
6336891948891.519531 	 -12809243624802.371094 	 7739404475063.738281 	 4191198582764.752441
-1573737872358.494629 	 13247234809241.914062 	 -5224568365590.747070 	 -5315622714410.371094
-7196394855149.972656 	 -5535892278013.439453 	 4705136656854.670898 	 5097415830765.019531
-10525522816468.771484 	 -6630976932735.234375 	 -1011038666533.891235 	 -137131724868.390350
-6876696864754.917969 	 1253088818406.790283 	 5504937941605.674805 	 2748786077923.503418
1472889587901.069824 	 2459925836605.752441 	 3674126864349.346191 	 -8831596529.086374
-6862796698700.259766 	 29200778661.064331 	 12973481769078.728516 	 -19058963429329.632812
2855303870361.074219 	 860829337420.205811 	 3142763693366.115234 	 -13081471938697.527344
-4102684250902.403320 	 -6598165399229.093750 	 11462701191647.802734 	 912272779915.270142
-4635807011774.244141 	 -8807992336195.480469 	 6503407150662.281250 	 -3414339728153.140137
-6702162868077.104492 	 3759055638095.131836 	 11842948855930.472656 	 -267271459099.795563
11856036054986.384766 	 -19609880651828.968750 	 -3809931398652.259766 	 -890476796422.334229
-6597160358887.354492 	 -13067617607790.488281 	 -366710576347.652527 	 10965113210120.816406
10277999133387.890625 	 -3822673197946.909668 	 -1481715569150.353027 	 -15225920200559.339844
-2265658648721.459473 	 -108283756262.563553 	 12415463196260.376953 	 164629239458.804626
-8796388439851.376953 	 3816521640407.714355 	 362576515732.425049 	 7759879858266.941406
8975981749496.679688 	 -10948408056962.402344 	 22995670118084.261719 	 -8183753182083.082031
-1049807633973.834229 	 -3840215158383.444336 	 -10541614582309.773438 	 18039222127412.375000
-8393044142351.270508 	 -8654322727150.062500 	 -1522474471159.739258 	 -7524743404231.030273
3154599075382.735840 	 -4244860549942.683105 	 -6935649489480.792969 	 3082361744985.121582
5635082166676.553711 	 -14970537637772.630859 	 10258260691629.767578 	 3977493399402.689453
-7123938490421.082031 	 4228025966636.622070 	 2969667485388.285645 	 3173015146126.162109
-6372928699922.203125 	 5561504402927.625977 	 -16960124848548.837891 	 -49370849402.981880
1510933541445.692383 	 -8389439230418.899414 	 -12686723989765.013672 	 9052068584293.726562
-10526859129083.730469 	 -3473570597188.976562 	 -3064300718286.980957 	 22362753592192.066406
8101975186661.333984 	 1462277721828.864746 	 -10367526164606.830078 	 1483193706580.743408
-3075184270811.939941 	 8272258144036.915039 	 -9687472275431.085938 	 4619444499058.737305
313682474405.140686 	 -10259537714611.392578 	 -5860860607064.481445 	 -6604052702019.135742
4115444590083.025391 	 -3297816930438.359375 	 -5481967124446.696289 	 -5756077524825.353516
5082777395286.781250 	 2094936106071.549316 	 -5008583165565.616211 	 685466845127.701782
7941733360802.145508 	 7685812947673.708984 	 4739088712379.665039 	 -2825456719899.562988
-1767761744374.973145 	 4211125534491.302734 	 -6420100375589.463867 	 2474070521783.121582
-4384014517066.054199 	 2099525584741.687256 	 5789777935064.057617 	 -5110807008895.120117
-13838326794037.431641 	 -7035294398563.109375 	 -1064638122451.626587 	 5461479608914.153320
12690493850495.960938 	 -4322952936802.584473 	 2118832443256.021484 	 -2550418363687.433105
-2896145174218.610352 	 -1853299077219.508057 	 -12287344509656.789062 	 -1204998120179.961670
-2514447982111.325684 	 -2118402126025.765869 	 -14041225260931.894531 	 -9459902504688.486328
-9794133192806.111328 	 4852795062492.528320 	 12895196195501.236328 	 -182480954351.667053
-6482720009066.337891 	 -4639744491741.555664 	 1872744086607.512695 	 -6312350548012.135742
-5648554672489.339844 	 2730081742981.748535 	 -2771974945415.176270 	 -3097733369674.087402
-10793647028657.138672 	 19275884608762.195312 	 -13215171360302.724609 	 6482980348727.125000
11429021529634.984375 	 15243425289164.335938 	 -1632971064025.467285 	 -6007749192178.525391
3171579206562.011230 	 14862762823640.306641 	 1301193111660.747070 	 -11755518904913.914062
-3008988915211.046875 	 -6057141240410.403320 	 17612758352983.367188 	 -1129054059177.212891
-9100111039760.580078 	 14212343256337.519531 	 -8716364900669.369141 	 12100431784098.205078
6293263616021.819336 	 -2469591050406.420410 	 -2780193768512.329590 	 -2111360356782.477539
5067563536680.074219 	 -7326135373765.544922 	 -9121195890546.451172 	 -1410788648244.285645
-2350421558444.527832 	 -35377387238.782150 	 19180995278372.875000 	 -8020472859203.465820
-1469733126855.310547 	 -9356068180911.435547 	 -1000402411422.141113 	 20349811796259.125000
-16000042146489.228516 	 8294231869394.370117 	 8781948439667.540039 	 17672788654389.167969
9367118793161.460938 	 -7414949521735.175781 	 4646900140033.176758 	 249316155872.071625
6515304585268.582031 	 -2499112721604.727539 	 -868321308369.533447 	 -3645012543933.858398
12539133618706.189453 	 -5558079151391.544922 	 -6963084508922.357422 	 3847711068895.376465
149005988698.490631 	 -7579164342290.310547 	 10013884964222.621094 	 19146681411525.906250
-3088850135801.457031 	 3580929520176.531738 	 7107968962113.379883 	 -14051956653415.435547
-3419643854358.172363 	 -15609509763161.732422 	 -7007057557537.785156 	 -2767101229019.882324
-10903307836404.300781 	 2880461161577.527832 	 -3135228056503.631836 	 1127656488498.143555
-1051393230615.170776 	 6635398558407.224609 	 2121516688417.162598 	 -1472154684677.931152
-7902667297352.463867 	 8462443464959.140625 	 4921620650641.550781 	 5292586829262.513672
-16138551467194.734375 	 5060349086435.200195 	 8776557925452.156250 	 -10411097963843.197266
2978383703810.256348 	 1146805478034.728027 	 8579230297554.657227 	 7067040154482.193359
-2309843968672.204590 	 5828563124662.708984 	 -22032440042292.296875 	 2529229744732.891113
1503198610010.764404 	 -4631959027736.511719 	 -11769470869143.644531 	 4934367920149.885742
-7738861370826.823242 	 -3056592419243.126465 	 8644205451873.541016 	 3526230189973.886719
-10147508486434.347656 	 12498895778052.240234 	 7823584401361.600586 	 15150460144474.851562
9468469766309.871094 	 -8644938877930.652344 	 -5325592657801.614258 	 -1231060387311.729492
2151824749997.495117 	 11798320015747.378906 	 -1914064773638.503418 	 -14453292019527.550781
-10103917833778.828125 	 6781096860515.576172 	 3819300991198.347656 	 -13946650957205.802734
-5135846763636.847656 	 -15460553656984.644531 	 -5530484994900.777344 	 534284603769.739929
2009305070075.736816 	 -9005965822412.429688 	 -466634792492.591431 	 8651153439898.191406
-3626442339543.855957 	 -4748507220269.317383 	 -2045891634479.203369 	 4877991418057.893555
-9956872056480.912109 	 5598865412700.907227 	 -4967556066948.037109 	 4405669979597.237305
-2687351828282.237305 	 -5705590718857.685547 	 1287059403485.588867 	 14632780827276.734375
-184771232757.727692 	 9047020700932.673828 	 2319661304566.013672 	 3005455512821.662109
1820047932897.959229 	 3263135584446.792480 	 -1317169940790.031494 	 -3627105706365.855469
5523316154479.231445 	 -1874337180917.128906 	 5368550268849.817383 	 9783695067340.500000
9215391579642.488281 	 -3521520876906.891113 	 -8948152914391.628906 	 1863083866514.535400
435201417387.942200 	 7073717597589.270508 	 16403278902373.177734 	 -2142077716598.687988
-8359632415322.223633 	 7019764917349.316406 	 -6052514404682.627930 	 3719351048695.849121
11086283034528.113281 	 2074166003065.046143 	 -8558411093242.379883 	 -13927617525953.421875
13202547294596.738281 	 -6705660355813.257812 	 -8958656856073.628906 	 -7908306445844.316406
-7952274812871.558594 	 316227468197.636597 	 -3413914029383.758789 	 -440677821053.402710
-5702723924824.979492 	 -10372330847092.158203 	 9771901872149.974609 	 -9258261595221.009766
15498356079842.914062 	 711371080465.851318 	 -11584849002662.892578 	 -5102915496322.794922
-8337040176844.083008 	 -15115471602788.593750 	 -16892873293159.009766 	 -1265593259146.554443
488916186934.376770 	 -13474216692123.136719 	 7937440236804.015625 	 2492734194099.685547
-2096694805250.314209 	 -10230386069853.242188 	 -6526907487460.556641 	 -20622898964539.265625
669582627176.408203 	 959158187339.339844 	 -8669067556376.442383 	 -7430943108410.736328
4303254840921.907227 	 -3702260160365.142578 	 2285860686175.091309 	 5481871266673.807617
15096273098215.031250 	 3470034314118.655273 	 1937334575881.577637 	 22377924067901.269531
-8845531374775.943359 	 -14600201911220.664062 	 12714539349667.638672 	 12498190977833.152344
-1280657623489.286133 	 -5474909664274.499023 	 -5763234744987.035156 	 13241803321830.517578
4828954541038.617188 	 8847853833883.216797 	 -12339469839736.806641 	 -6404718358646.952148
-4569089981641.773438 	 4097867921428.333008 	 7291757737341.177734 	 -6790474657143.206055
-10671229251637.689453 	 -5177146455111.739258 	 6866394026829.333984 	 -8285234300196.908203
-1707199801667.787109 	 -5237867196382.172852 	 2484520803310.226074 	 -8736960213564.189453
-1325677051140.864502 	 8133804541499.664062 	 19132749346.908432 	 -8057442109748.943359
-23463731481503.621094 	 -4238477391703.449707 	 -10169962565165.205078 	 -4485635274001.760742
1111227977200.040527 	 -3878317633139.416504 	 -12624901518213.996094 	 11668526885007.927734
6479989256628.890625 	 -5321702953648.325195 	 -3272041159502.349609 	 3333631181979.289551
-2483923837448.909180 	 -6534133777936.655273 	 -16505105174936.748047 	 6012596268908.380859
-9717172500420.732422 	 -5903604323799.906250 	 5698655813331.705078 	 16858755659315.212891
1216380888717.649170 	 -7252592031089.277344 	 15634150649451.013672 	 12954877254539.357422
-12747996170469.429688 	 -12892402730699.832031 	 9241097163615.666016 	 13503107810861.648438
1046635485090.387207 	 3498145789492.623047 	 3671706760206.989258 	 -875205282658.210693
-2400471919055.699219 	 10350870616552.455078 	 12940045272027.462891 	 2502420878700.319336
-2490736043752.271973 	 -6518632481470.503906 	 10114340077183.578125 	 -18413526072792.500000
-1100627812500.031494 	 -4226278188202.666016 	 2877496957004.812500 	 2124450889166.173340
15558471070916.871094 	 -6006099285575.907227 	 -16955962276596.050781 	 -2391685769679.853516
-8960121356113.126953 	 -6709696947701.834961 	 984506665999.748779 	 -3306303344099.727539
3773848427815.435059 	 1532845713102.246094 	 5482700689914.801758 	 11966072300651.041016
8971327907674.972656 	 -8624874271288.906250 	 -2996637719073.962891 	 10427691535477.482422
1562658968417.293213 	 203198341946.094025 	 11580178297342.683594 	 18395725379127.015625
6799196578529.541992 	 -9804892452116.261719 	 6959600536124.859375 	 3804940883931.280762
-18421621208573.726562 	 17862918762440.183594 	 18708116646895.132812 	 -10361766140060.322266
-7236346702446.796875 	 -2141728493989.700684 	 15622146408957.117188 	 -4394365144414.002441
8135820027780.518555 	 1190212555790.481445 	 24675506527125.511719 	 -3897280679958.493652
-19607721511774.332031 	 4998610216244.431641 	 351575245136.619202 	 380354254038.455811
6359466833145.231445 	 8410447244474.417969 	 1867923200777.982910 	 -710880951749.239624
5955787509974.843750 	 -826127135365.735352 	 2843427275445.743164 	 12513343900561.806641
-4335942321803.048340 	 11452462787528.539062 	 -2203234659152.416504 	 -994548371226.832886
12772353837386.759766 	 10172863293170.695312 	 1924670925045.479004 	 5940246583797.373047
-8590243991856.987305 	 -975648316169.584351 	 14146347759698.072266 	 -7975229856144.440430
-2297686702182.359375 	 17088829893067.542969 	 11318962975126.597656 	 -5369210489039.032227
2595129797699.906250 	 3782870953611.521484 	 -6723913125796.894531 	 -9811904933994.312500
-6119308772192.689453 	 -3566273334810.000000 	 -3946034227484.344727 	 -935381072071.681519
5393533541112.379883 	 -1859140194782.604492 	 4244321139864.430664 	 14672139632542.513672
-5701923262971.787109 	 3753330406720.604004 	 -448504271554.829834 	 -9634476434769.757812
6864519722524.373047 	 5524855910829.758789 	 6556055066904.555664 	 -5748096754128.323242
-2621678230031.942871 	 -11360622040892.251953 	 -180215636740.113678 	 4446444649453.872070
11576046747963.861328 	 -7451722210528.337891 	 -735820877067.360596 	 4230898052748.057617
-9563676036420.347656 	 715204670543.793091 	 1241597990090.507324 	 5226348212921.722656
3341145279324.113770 	 -8499878979838.732422 	 6838271848016.055664 	 2915095464371.386719
9217219409609.287109 	 8973850772634.005859 	 220527718276.810547 	 15304794660138.626953
-8993542361213.279297 	 9343796717695.126953 	 -9601440770881.029297 	 -11453155281120.326172
-3687316745781.867188 	 12713685316670.933594 	 -3943236653983.955078 	 21339609599134.980469
8630822433667.278320 	 -16507520072149.259766 	 554941793039.094727 	 -4429415336752.119141
17460973458893.810547 	 2867750457402.899902 	 -6168383646432.428711 	 4677482964057.387695
630926058594.969238 	 -14970075961227.880859 	 3906534459278.746094 	 -703401353930.946899
1602974476922.608154 	 1616271998939.274414 	 21166234523862.789062 	 -4449755654848.367188
1465852790721.862305 	 -102353056207.050934 	 1971729563625.090576 	 9705323123834.570312
-2125828316372.853516 	 -6468310473486.708984 	 -2515197059155.901855 	 3725506836618.438477
15757801576707.855469 	 -15004177961099.183594 	 7621795016487.846680 	 2009554801188.721436
-3834711313370.843750 	 -2669862660408.622070 	 -3054162844593.151855 	 -3308224576490.148438
1982938443993.525635 	 15569970797338.515625 	 -14790003857722.884766 	 4921230833878.636719
3236092145174.381348 	 13223935256318.343750 	 -7617064351869.237305 	 -4676527320624.904297
-7804914858978.025391 	 -782703906994.456055 	 -1707238271722.722900 	 -6000598580685.665039
-38338720929.150703 	 -2451164050136.394531 	 891937056479.892944 	 15889229522642.095703
-5471918613511.108398 	 -1646830789838.288086 	 3603361111547.708984 	 -7047034303450.935547
2206563593909.606445 	 -6110215365215.227539 	 -5618494222437.581055 	 -5861799102089.479492
-6220839805679.116211 	 3214222314634.653809 	 8454315346263.500000 	 6435604993436.351562
-7277581077509.439453 	 -5801185277101.316406 	 2542894469331.536133 	 -15661137952398.253906
2671801400077.620117 	 15983343192124.732422 	 615138407287.373657 	 8167145048633.098633
4755361374913.403320 	 11817736033783.970703 	 5102816527670.575195 	 -10828292189320.662109
-11911997361544.759766 	 5657716104389.851562 	 4351379972645.480957 	 -10335360219874.984375
404147771199.063843 	 1984287176490.760742 	 -986832944538.803101 	 -953992333858.859497
-1160830280990.995605 	 -14907084119151.041016 	 10469760712336.482422 	 -3503294656803.763184
-7254061521868.941406 	 -2847001743463.591797 	 -12737225484876.083984 	 -6351358465515.512695
3110714660561.688965 	 -4908179265601.254883 	 -1992721927914.761719 	 -2303319117129.977051
-1918879887830.257324 	 2635468140650.335449 	 -12589573011908.687500 	 8745744424790.703125
-8155584483133.541992 	 5808546219821.954102 	 -20859431788072.359375 	 -343442814093.793945
16622025680220.662109 	 -124854661277.427887 	 3125820620663.101074 	 2724122670231.402832
-3546536301324.954102 	 -1351889115106.153564 	 4160616022096.846191 	 -15554738591222.074219
-5707085319594.678711 	 -7504573979794.174805 	 3310566460005.139160 	 6166575616337.153320
-934256087824.250244 	 7433249866341.037109 	 -3855091375095.753418 	 1239510907729.025391
-7660153918165.226562 	 -432883087185.426514 	 8130862130949.583008 	 4271648605626.439941
1369142919556.695801 	 12983569678204.869141 	 -6235866416799.154297 	 -5464682209062.673828
-1076695520483.129028 	 -1426842548487.642822 	 -77699250092.925140 	 -6585849209558.410156
-6563308705391.162109 	 -3703273023653.295898 	 1655269701299.722168 	 -4903093393048.612305
-489175001085.924133 	 -4054760642707.509277 	 -1777397722540.617432 	 -7295260333421.208984
14143302679331.501953 	 -26808013968111.320312 	 -23120690093525.085938 	 3471320140448.476074
-1537922230215.166016 	 -1481453850394.958252 	 -20870756952808.636719 	 7748855361911.682617
9893417865872.185547 	 8868843650359.113281 	 4907277002338.988281 	 12756847310911.091797
975243239468.043579 	 -10390824673716.128906 	 2601492601544.567871 	 -1267658056636.929688
1429314651435.040039 	 -123022203834.348480 	 -9310794143705.611328 	 -1054939388243.023804
3926499871472.335938 	 15800898441960.054688 	 -3952320338720.470703 	 1372829641171.374268
-181054532469.564880 	 -197086402097.621735 	 209362911141.568970 	 -11447175984391.294922
855849481719.633057 	 -3699453062032.122070 	 790395090848.098145 	 -13745016415417.750000
-7754424189331.833008 	 4068533553585.890625 	 6818944171746.541992 	 8959934063085.083984
4485948558789.524414 	 5852220512614.378906 	 12343732511104.001953 	 -2133368385358.058350
3701089940911.186523 	 346385566084.625854 	 10183752316881.621094 	 -3781298178732.432617
-7451496219862.543945 	 19090466082776.894531 	 315100245298.439270 	 -2334699251852.432617
7183359407096.695312 	 -15234141293329.533203 	 9122244833786.251953 	 -971013283632.675903
-5743182045181.014648 	 19475440155903.644531 	 25065512297139.398438 	 -4414339963541.125000
5908011181853.531250 	 -248460330560.240448 	 -6360603929360.775391 	 13758431782417.427734
3270212268830.191406 	 9791339269337.523438 	 -9209148220546.279297 	 1943772592046.377686
-2717212197576.546387 	 502091375450.624146 	 839472848035.160767 	 -3578606397194.325684
7359177563757.046875 	 3728624921056.950684 	 2907773835550.817871 	 -8513127334527.801758
-3213071818236.707520 	 -2046907330063.498779 	 13503570968317.154297 	 -8360687502827.457031
6292501963909.282227 	 10303205530713.984375 	 -9818788636465.037109 	 -1702377353334.063965
