-328347451222088.937500 	 -482114030553461.312500 	 -674708691812874.625000 	 -154113017251920.750000
-81699453209670.125000 	 -36637294395662.625000 	 735829272669333.875000 	 593699233307231.625000
334198454357067.687500 	 163979050973348.906250 	 313060499465469.312500 	 -397525423638953.312500
511742122095993.750000 	 711431795486744.500000 	 -292767929088812.875000 	 -826396737182813.625000
-88740603696667.375000 	 -85708312624170.515625 	 -308186440568727.250000 	 329857970435907.500000
38706819150125.093750 	 -125603598715144.593750 	 157839584929499.000000 	 301885273788515.812500
228366263877492.968750 	 216121762022204.812500 	 -477122450483767.812500 	 273378316368769.625000
-479674768753397.062500 	 -1317471551129399.250000 	 -436066776280401.500000 	 430089113728684.312500
292218587216383.812500 	 224463766523654.093750 	 -193208380335757.406250 	 937841359860311.875000
-343915656154708.500000 	 -665629413382182.500000 	 -623145842307325.000000 	 -905356717321068.625000
-110724018368199.343750 	 223599359005038.562500 	 177838254453015.500000 	 451003452517328.812500
111761046931172.859375 	 -306800320014021.500000 	 -111244979796878.796875 	 -1389118489591908.750000
-191616940605314.812500 	 -490134312778852.812500 	 342883152541542.312500 	 -154240942719311.375000
158384931013582.937500 	 139081890943296.546875 	 204265892285830.562500 	 1070132472221835.250000
-57230241324302.687500 	 241996671311240.812500 	 435596326060092.062500 	 6770978622657.719727
71036528447738.937500 	 539758477191664.750000 	 178586876494025.625000 	 581790182301686.875000
119680579220245.031250 	 324109917524687.687500 	 -257015278912979.281250 	 17568900095452.306641
369010114258396.500000 	 -110504513122154.984375 	 844967783953345.750000 	 -169087539135178.187500
207852622439600.218750 	 322277586021479.250000 	 -319186984581493.687500 	 142212997823292.093750
157213865979362.750000 	 -174981842430775.281250 	 654594799270926.125000 	 569994108919963.500000
121281623239728.000000 	 -161503995975592.062500 	 -22059494815009.617188 	 246486514997615.781250
90560717713182.203125 	 -71977921286501.218750 	 15161011721587.554688 	 37343594997551.234375
-207177947230054.031250 	 -567989650289853.375000 	 -408173099991198.750000 	 378878135112292.937500
-331220650698675.437500 	 -546621389544169.562500 	 -689754677084575.875000 	 -869851564918223.125000
-297063739597809.062500 	 -182377442362432.406250 	 -411288147508358.500000 	 -337103436684560.687500
-153229948448568.375000 	 233596571868050.406250 	 535022062912999.312500 	 -519205372787328.562500
210768251242078.468750 	 513334718124346.125000 	 25694861865393.781250 	 -40073670394357.304688
-327415215554664.562500 	 -579775816059449.750000 	 -461728775675077.562500 	 -732863716217344.125000
-33592759492731.441406 	 67500390834866.687500 	 1071347441504419.500000 	 509167884618859.812500
9305596361855.933594 	 365301942462400.500000 	 -552112616900736.375000 	 -996692653608048.875000
111383148583983.640625 	 33752462567031.195312 	 346812523740657.125000 	 -495513646687373.875000
-358150147767878.687500 	 -550455621158445.625000 	 -289900655007514.000000 	 659997104627076.375000
-148525525145286.562500 	 173712989616206.500000 	 315433534463565.062500 	 320592816381714.187500
-225697916841792.000000 	 -67885201403080.734375 	 828692255629586.500000 	 -171750940007931.062500
107906449691262.000000 	 -156258811404647.218750 	 -476191908941299.750000 	 262181943564451.187500
-153241050234364.312500 	 -56325507941205.929688 	 -171016523237280.812500 	 -337121798372808.812500
135738443760266.875000 	 652348816949377.125000 	 -498104878455541.687500 	 -135063343689072.671875
-169800820929415.437500 	 257447718225910.781250 	 551388254276596.687500 	 -315186372041608.187500
-181882094765775.875000 	 -240701105257208.281250 	 870656791370573.000000 	 424763104432310.437500
126243302436691.500000 	 -279201704435453.468750 	 -397744339275458.687500 	 -110590642038951.203125
-154582452342997.593750 	 -367044409092267.750000 	 -996506551755696.625000 	 415932388873143.500000
-477690466838447.750000 	 -834619957684758.500000 	 -573541111308028.875000 	 762602432378026.500000
23413919177593.000000 	 257509085883606.656250 	 203014585987946.343750 	 5448184374595.735352
86229381951889.984375 	 88609605231892.906250 	 -178223274721291.531250 	 -830415601945374.125000
30360595075251.218750 	 354580395229599.062500 	 44450439507904.835938 	 -465537280307724.062500
128556047355238.078125 	 -179841997200575.250000 	 -814066586086450.125000 	 384215355841881.625000
-141933945869721.156250 	 294403548959290.250000 	 -445227674382881.187500 	 272542828706884.125000
114909242742132.906250 	 66304531125577.414062 	 -698242540376269.000000 	 -132664643430069.875000
-487163038449918.062500 	 -908877903994403.250000 	 -779888952314778.875000 	 213639245398566.750000
196362613978931.250000 	 46398579302345.718750 	 672466725605765.375000 	 264283600139831.437500
-73468064719198.953125 	 -10842743704405.841797 	 422362344246759.437500 	 422588650204377.375000
239918104605274.187500 	 178369809987724.031250 	 9188343083065.457031 	 78177541805978.062500
131776866117658.000000 	 -76109861561404.687500 	 486132354745103.625000 	 885706248699885.250000
-101354072872730.171875 	 67772372091539.234375 	 -320345256792172.937500 	 582728191390943.250000
-161061700668575.250000 	 -152699096444473.937500 	 34578057342902.632812 	 200310722526995.406250
80150247506357.921875 	 -102845433317958.437500 	 -448435012783236.750000 	 511578144765457.875000
244425170900482.312500 	 605539468914433.750000 	 403503209656463.812500 	 -880985397787828.875000
196643222190932.406250 	 692089210956921.000000 	 728170925510210.000000 	 671230491256175.000000
374264349989274.437500 	 335063418428023.937500 	 -477874831006194.875000 	 -493209289294956.687500
457994751723735.312500 	 519044367835480.312500 	 570449666769255.250000 	 293185570381492.562500
355132956976422.375000 	 632104043276135.125000 	 816686378799717.500000 	 228030317847215.093750
-213581758930512.718750 	 289100055215520.875000 	 -566496990265205.625000 	 113315638977905.750000
-59813005381334.718750 	 322189027472257.125000 	 197948561638418.156250 	 -121197659768521.343750
-531359065854645.312500 	 -585071831700667.750000 	 339805379580395.437500 	 428008380593696.937500
1825551100222.188477 	 295615364100853.125000 	 -297087816812917.250000 	 -49370848143738.093750
-20116082617990.113281 	 159089300156927.968750 	 -623382277263864.875000 	 439556561487230.437500
-109795327387354.984375 	 -509646628753592.875000 	 283695626338999.187500 	 413612844768426.937500
64657201515328.953125 	 -81277059398143.609375 	 -485045323764464.187500 	 162320118417787.281250
2022144107637.683594 	 -87448030261163.859375 	 117572039992002.031250 	 680702597172824.375000
94158567131064.781250 	 212475498657321.062500 	 69592442531572.523438 	 68518975868608.640625
264262036349381.218750 	 401132966901433.500000 	 426063538117474.812500 	 440765309616704.500000
2191524353321.326172 	 -23379610516592.289062 	 -187814873980473.000000 	 -313667667164779.375000
-67255388199206.093750 	 55854409891022.843750 	 234499165214020.156250 	 627908816113603.875000
-657624145794152.000000 	 -741440331523467.750000 	 -740852383592829.625000 	 335439924857463.875000
196704350850201.406250 	 440141173755280.000000 	 2262625288395.002930 	 -26887024894095.578125
150805706692733.781250 	 -42958191139894.867188 	 -332870285826179.250000 	 459270003766978.500000
48648494046577.921875 	 289274502674219.062500 	 45797993879151.625000 	 389894750920910.125000
400150048693072.562500 	 -126144586379797.250000 	 -113650842020228.906250 	 345305320206449.375000
-164489933391769.781250 	 -188529971483363.437500 	 -1064035531734392.750000 	 802767667576567.500000
-183772181197100.593750 	 498813415908566.125000 	 276156923119197.437500 	 -936014325037428.000000
8726795441048.414062 	 -215519999879037.656250 	 462797523781429.125000 	 -1127040638883797.500000
-268738604107075.375000 	 58429932363073.000000 	 -244480380168585.062500 	 -45366948130665.023438
-170256568971018.750000 	 -287694835327341.500000 	 -616659573709718.125000 	 -711623959416319.125000
-120401763299604.515625 	 214517744170986.781250 	 -172533134744912.218750 	 -626906156696635.125000
84462984808327.890625 	 861187920239196.375000 	 525688395110980.937500 	 -77900844793502.609375
150227408288224.312500 	 524676883851720.500000 	 178264947087794.687500 	 -1125169256300371.375000
-215135000339418.531250 	 -180801134762610.875000 	 -498233937957944.187500 	 472122185741005.187500
-199951987251577.812500 	 -259496102814450.468750 	 -139802231383476.093750 	 -191472162247522.312500
-389212242000613.562500 	 -395772061605911.437500 	 -340000801924331.625000 	 -57586625089604.437500
-431999821375840.062500 	 -362769586044580.062500 	 -64531898618060.187500 	 -132968103241151.953125
166149545280839.593750 	 -164076059060730.250000 	 -207373254570643.687500 	 -116484373190320.390625
248838537717184.343750 	 343025404338405.750000 	 526290137679085.937500 	 -546765340131865.687500
-14442484710535.636719 	 -276864620291490.812500 	 6620260784940.273438 	 335490734984813.500000
56718567335479.914062 	 346866948062043.125000 	 160188256638840.687500 	 -275047919754628.500000
-80739324814793.265625 	 553846750669100.000000 	 -101456820154800.625000 	 -1002753112079800.625000
-73763627687614.781250 	 -115993557922791.218750 	 80402039242800.421875 	 335953977234943.000000
-143396167621122.093750 	 -184935618612257.343750 	 466592971950702.437500 	 359710083113797.125000
241003740374351.562500 	 -667262691494079.125000 	 -17469701600890.958984 	 -14579385869897.599609
-374914658793342.750000 	 17702430258293.800781 	 563261345917713.000000 	 -150993056577679.468750
-93151563187554.062500 	 -265755173227835.343750 	 1155858046115463.000000 	 164273970998924.000000
94150190113215.328125 	 -258042044526261.156250 	 -564607844014216.625000 	 153617855774852.125000
212851752719310.187500 	 324634791599753.937500 	 -520368002858986.062500 	 267347570443777.437500
-68812407668631.812500 	 -90278454495993.984375 	 911290231036112.000000 	 879769154959028.750000
-182871941263762.437500 	 -704911864090734.125000 	 272731371535731.937500 	 729746536838383.125000
-410027728514397.875000 	 -241979330619224.187500 	 34326024244492.195312 	 -636113898699229.125000
243365916238900.843750 	 298268561079325.875000 	 -799950347995171.625000 	 245622522499322.156250
92417111896643.109375 	 -579296062696214.875000 	 -326863955544326.687500 	 933937313096646.875000
-485790559149406.937500 	 -622203849347105.000000 	 -325559031347958.812500 	 -408155500809702.187500
-375139638246867.187500 	 138384338491116.765625 	 710416055491330.875000 	 385653512732851.812500
67175029193731.796875 	 360110364629308.750000 	 429843045942411.437500 	 -914243121561645.500000
356883401286397.500000 	 655926009491115.625000 	 -19891078037828.851562 	 -282729193797508.125000
-198510151605676.281250 	 -658786073737054.125000 	 -68598900182431.039062 	 635775273930334.125000
-110010760020105.796875 	 -246502694099816.875000 	 -103646675698873.187500 	 286914658588352.750000
-85319942626528.265625 	 -79027046080801.109375 	 -162778046627345.218750 	 -284963966252547.500000
198947481042237.968750 	 269660142851032.250000 	 779072808321611.375000 	 130257972868480.421875
-119644167586502.546875 	 -225894332422166.718750 	 -592579515874311.500000 	 -323784744754704.000000
197726766837033.687500 	 64136139284938.671875 	 -28579354163059.015625 	 -288948630879524.062500
-167821615331955.031250 	 -396030189155093.375000 	 703800698490027.625000 	 -297698457524407.187500
74814510863068.703125 	 161461362289215.250000 	 281543412936899.250000 	 -114114895482232.953125
-224969351444284.875000 	 -195305354237088.031250 	 -117080165287993.531250 	 -506958975537837.250000
202632454841163.468750 	 324292948108679.375000 	 342471325094606.000000 	 312024474097571.312500
-88982067351659.031250 	 39546651754788.796875 	 264470588188194.375000 	 236888630133692.031250
96375341583744.671875 	 56803945931521.929688 	 -190917701687824.656250 	 -902854093037441.125000
189117251591758.593750 	 134715169918664.578125 	 558275491068758.062500 	 -521456680185476.250000
-195529832973768.531250 	 5127234246858.169922 	 -65365364432505.625000 	 867931426495927.500000
-7221278506413.757812 	 -84248836478815.812500 	 -393843758164063.187500 	 155791501970654.250000
-236309286127304.593750 	 -462777985577855.500000 	 -3640320341584.793945 	 -88888143276037.046875
-233768321279013.500000 	 -1121447364121562.375000 	 -604056910705696.875000 	 -571921229717086.375000
-264388638187136.562500 	 -91818514541155.781250 	 -136778066026486.718750 	 -670723156807167.875000
-45012949652862.945312 	 -1980535098205.399414 	 -128277176660008.906250 	 547799874865847.625000
176362781245789.250000 	 362560243221493.437500 	 155764657311959.062500 	 905893137638652.875000
-58932087986196.835938 	 124951904630788.531250 	 53756985095922.765625 	 -13406765163692.496094
3989123595393.016602 	 212308361320593.343750 	 -676835710941133.000000 	 -237538499223409.968750
-205639241809989.312500 	 -475589543370346.687500 	 683112688887972.375000 	 -244080487066008.187500
367546753501816.812500 	 -313133663291602.000000 	 101520489872707.187500 	 105951802111532.312500
-94694196590141.546875 	 -73911679687573.875000 	 224951686546018.906250 	 -282237292791484.937500
363067858593405.750000 	 626742822927956.750000 	 77484130228607.906250 	 243883471537899.187500
-307707248520366.187500 	 -561996604723827.437500 	 74555213366831.953125 	 -743777229356461.125000
-39273669547063.546875 	 -181206887275574.406250 	 47363709671500.406250 	 -360834084777125.812500
-235607748473926.875000 	 149492491109853.500000 	 506030808686650.500000 	 -785247029840104.250000
-174673596239153.000000 	 -237036340345463.187500 	 -161957103608152.468750 	 412983547521635.187500
320715257853087.375000 	 537654266740941.562500 	 504325277711865.750000 	 692863880299127.125000
-153971201497902.781250 	 -211356563070930.125000 	 -480584925122279.187500 	 -177564488766798.687500
231561713037066.437500 	 256781677003987.531250 	 -980511796215741.000000 	 258320035011465.750000
205832106280556.781250 	 -36318743619788.664062 	 -416137477920342.875000 	 465483883749577.250000
134099060999136.125000 	 110235889515780.734375 	 276395403886171.625000 	 145636253264334.062500
492097474381739.625000 	 374153331727357.000000 	 335790590992216.562500 	 420673275264302.312500
-343458121474378.812500 	 -377645003176251.250000 	 497968306115082.437500 	 575216871019579.625000
309835866288955.812500 	 137263711809960.890625 	 -867330882636140.125000 	 691316058043034.250000
-41266240409520.601562 	 -195499243299769.625000 	 -148398788634885.468750 	 -62375550301617.312500
175885929326636.937500 	 534480427284879.500000 	 919109639111752.750000 	 115345475920535.250000
192913819824529.500000 	 302075646957896.875000 	 -609885155185372.125000 	 264048995875247.750000
-321638685018077.000000 	 118564458271352.562500 	 618708731621468.625000 	 521852695126189.937500
-505910942960578.187500 	 -472799092554810.375000 	 218161025377753.093750 	 329648886078935.125000
113349568952502.796875 	 -396796794917215.687500 	 -387322814085338.875000 	 257575987933041.437500
214880134488049.156250 	 6236417437706.986328 	 322221200478417.750000 	 494538685519377.250000
-59009236382683.843750 	 293169330821951.187500 	 121711712847916.343750 	 -129594072409098.328125
340175713665929.937500 	 549976799352817.500000 	 4627548432933.244141 	 -371135845469895.875000
30529068700028.125000 	 443055480936891.687500 	 282606856520970.000000 	 -6735995599403.651367
-111582393722312.437500 	 223717845791992.281250 	 37320062409847.210938 	 -26136296658772.808594
12726030505254.203125 	 -255550250863623.718750 	 198329857892704.406250 	 -30821836621446.109375
-70059583205952.835938 	 -471934868922028.062500 	 -218726797849037.750000 	 6756286904548.075195
-299847316770310.625000 	 -198542866414090.156250 	 508674017564454.750000 	 -146301317840696.250000
588122435783599.125000 	 452608628543276.062500 	 -529101601807092.562500 	 -266572033891330.593750
-43249972920946.843750 	 199822724076373.687500 	 -183468302327187.062500 	 592349725811888.375000
-27602098043289.230469 	 -28642858729450.535156 	 -2037474331779.276367 	 -352143905848632.500000
472384567023097.625000 	 -58088066609461.351562 	 -554169743116263.187500 	 -56554955056550.718750
-204697213065692.031250 	 56532827588422.296875 	 -529794365644822.625000 	 102861316683758.859375
-172564751817948.031250 	 -243505792659144.093750 	 836863589636401.875000 	 192312390515306.781250
56328403085373.445312 	 -126205606959486.187500 	 -256078597691191.812500 	 1419369951117469.500000
-15937715344275.474609 	 -9390568531902.861328 	 399498073779580.812500 	 93365922454455.234375
616832795340744.875000 	 706834751843203.875000 	 370196466235186.937500 	 352767568015920.562500
213202638698637.281250 	 80539212671929.531250 	 839131976178274.000000 	 -105772807398660.718750
-453919232215165.250000 	 -820802840319225.625000 	 -713875213217740.625000 	 -129222547737015.453125
-6804603097253.188477 	 -45227267491890.906250 	 57215601580008.203125 	 223724564758283.031250
-258953839906326.593750 	 -39306004103704.406250 	 -508128131004775.125000 	 38877159903461.156250
-59913230146885.007812 	 -21428725264340.921875 	 154037347288983.250000 	 -201385742029121.437500
-167093485402964.218750 	 324541460106640.062500 	 6566195700293.564453 	 14803029317320.980469
-40093585130162.085938 	 107091931567122.890625 	 743181535273452.250000 	 -772545704924559.250000
551297413573328.875000 	 657823803733631.750000 	 287841684907309.500000 	 -33792348005508.757812
-134411799955799.859375 	 37209032870631.375000 	 -257656950818375.500000 	 -259727683556025.312500
11322488283295.687500 	 1198686026716.726562 	 -94475971749267.328125 	 -470691415825638.500000
173480880351692.437500 	 -257115394509550.187500 	 -557636646294904.500000 	 1174677706599990.250000
139190443152128.859375 	 173444008549576.406250 	 -35799714057265.320312 	 -432641659074362.125000
-147078253095287.781250 	 89714135927232.015625 	 39877289635817.242188 	 -285939114556013.312500
-34935047537068.707031 	 366429361671600.812500 	 358670146313527.375000 	 -217571295808567.218750
265429405206192.687500 	 39370584076389.101562 	 172863751915343.531250 	 462811483904566.625000
251478988188011.437500 	 364519200977491.687500 	 356834001067464.250000 	 189710504064529.687500
233418230013396.718750 	 -132117839922683.718750 	 101360941948830.734375 	 198309660884396.531250
116241484216081.796875 	 -287526020266554.937500 	 -899374346703685.250000 	 1040234968087105.375000
29276654992507.597656 	 171355391582941.000000 	 -197421952357706.906250 	 -289289687351127.250000
-108210055810918.640625 	 -630683443682128.500000 	 -76537953683097.484375 	 -109152338808598.703125
-493101727108677.687500 	 -662853467596728.750000 	 -547996245123406.437500 	 346046179405189.187500
571722497943329.000000 	 649111036346915.000000 	 325534819237236.812500 	 -522840172325728.937500
9880436475937.523438 	 343563262809.103394 	 574050355361896.750000 	 53976323278956.054688
325353228825054.937500 	 325811551982842.062500 	 -8854052815315.289062 	 6831909259767.372070
-258261745580118.250000 	 -585546739076076.625000 	 501359057176616.625000 	 43966594379213.304688
-91971471331467.218750 	 -100657808369265.500000 	 -296846073118970.875000 	 120432296112032.093750
211546898562370.218750 	 315829557317196.500000 	 -33425921942652.921875 	 -922008147576540.125000
410360392244573.500000 	 578504562345466.375000 	 489596134591115.000000 	 -82058168263209.296875
-310435294798183.687500 	 -482669608797820.312500 	 237362223950984.937500 	 -1946249112783.209961
317331603415747.000000 	 889918300968280.750000 	 -28175041774219.324219 	 262233646470129.031250
60784096955732.898438 	 -318662163136672.687500 	 -855728356375962.750000 	 -65815287754186.937500
-206791053401418.906250 	 -330207819953737.687500 	 471188214497105.250000 	 529124960677568.125000
253813643692179.562500 	 640896541949207.250000 	 439601930497274.000000 	 -48370666475663.398438
-263437286224729.906250 	 -33087652426177.695312 	 913035894654971.375000 	 -23418176572371.449219
220225992634907.843750 	 418204421140705.375000 	 827816257455229.250000 	 -120579930371186.156250
-763061378322863.750000 	 -1450814684379923.750000 	 423143220776618.937500 	 -207117040664283.250000
102220998624190.078125 	 -115467007990154.609375 	 78713166348129.468750 	 -18910078792969.910156
-81395219996710.234375 	 -59908097114374.726562 	 -525936344562452.625000 	 694623357950004.125000
-117277859688804.390625 	 -145667111763713.718750 	 -178368461342301.531250 	 464149590221715.250000
-10526948078205.625000 	 207127929228241.250000 	 321943555430846.375000 	 -357845723511217.625000
76243566695606.343750 	 -91192005024034.953125 	 -340464369366989.875000 	 125540744082511.812500
25479370748204.132812 	 -321645410507006.562500 	 323461646998186.062500 	 622291630300135.250000
483935234625735.187500 	 750973861099723.000000 	 1113477024881346.375000 	 264169998951679.031250
-25114268938996.292969 	 54270463129606.578125 	 220348015295901.218750 	 -640888632103289.375000
97625703025810.734375 	 342567878917503.750000 	 24495861129502.781250 	 720423968442975.625000
600136186540304.000000 	 838904589127499.500000 	 763789748144575.125000 	 529123579039686.937500
407455170373675.750000 	 431843923982177.250000 	 108579503062993.812500 	 556306990903616.562500
-101400779419526.390625 	 -346290929236560.812500 	 -186579000342071.312500 	 365558941551869.937500
230924813679361.343750 	 379146558322200.875000 	 -42041972004667.242188 	 911976043970478.125000
61843536462182.757812 	 -61742521721509.187500 	 -45585026657510.171875 	 285181391784694.187500
-96518261531555.140625 	 521430371930481.500000 	 772527537307615.000000 	 -710572076971058.375000
-198178363354597.343750 	 -865088064276392.625000 	 -54358453000688.523438 	 -636825498837383.625000
80182444249569.375000 	 219006966535652.750000 	 604881372310805.500000 	 -515263908147886.312500
-93994718315335.875000 	 759300113378014.750000 	 702250468531493.750000 	 1293254192657468.000000
254049853575668.531250 	 646143950794917.125000 	 1323733163798289.000000 	 -339506558865336.000000
33463327813109.828125 	 93091551046964.937500 	 408637178452104.562500 	 -689913956127727.625000
325909813109661.125000 	 319703954773232.250000 	 -699067703425766.375000 	 -409245948735506.750000
-306529836474323.000000 	 -224159242822975.750000 	 -552414907967528.937500 	 -198172976791704.750000
57209355475348.562500 	 403536056111251.000000 	 446301609904416.125000 	 32804968652810.601562
44342856822979.664062 	 -284608931678770.312500 	 721737618299939.875000 	 159654363934068.093750
-425835290671969.250000 	 -377268648647586.187500 	 819650405728635.375000 	 462531248080982.125000
121124799860718.890625 	 594719304210569.000000 	 -151547956072049.593750 	 130516803596201.671875
300428125571552.687500 	 30555198206976.250000 	 -187097001087211.843750 	 -35157334321145.121094
-461109241377796.625000 	 -828228122110734.750000 	 -371549014611224.875000 	 -93110585994894.890625
-189986607579249.812500 	 -186782188642481.250000 	 -576752501275385.000000 	 -337949571857971.812500
226022030982741.156250 	 10152718070940.585938 	 78186406150086.156250 	 132453711873137.796875
127645546494053.531250 	 199824389172385.906250 	 119170439026375.156250 	 352545570447883.000000
-268452541305031.562500 	 -910356447271367.750000 	 -371176420739776.687500 	 -101409189206422.109375
198154055826888.000000 	 211046590174241.125000 	 -818612283616362.250000 	 -97662270915874.125000
-300424277411910.062500 	 -112460775136339.500000 	 138252397385559.015625 	 -308104034193688.375000
-3635216938152.516602 	 -228094537775793.281250 	 210822027117096.812500 	 -27388112228111.242188
-49459746065492.164062 	 300661095017813.125000 	 -780700226316450.625000 	 323389580812784.562500
-240335945100127.625000 	 -93754663556248.843750 	 -660893405819054.625000 	 -252498719809773.250000
262126723506109.250000 	 -59732611726542.617188 	 -594073744081296.625000 	 -12979677833159.400391
-111878726861489.609375 	 536414433874399.375000 	 -216566861831128.812500 	 -249850760452117.218750
-223551509603772.343750 	 -117281819856789.140625 	 -363267981483231.562500 	 -24187721105428.906250
-406209173687133.062500 	 -282564675217535.937500 	 -86524103126453.796875 	 165013602893003.531250
93166703244342.781250 	 281902007573829.187500 	 752411282492843.125000 	 -623599087770150.000000
133440651092171.750000 	 182515510266458.687500 	 -186290484529913.343750 	 -765962077834898.500000
134688439640210.328125 	 -140061390491588.890625 	 183044907981628.343750 	 -295174274004806.000000
-463682414578753.437500 	 -793863226187699.875000 	 -158943557117994.687500 	 -505209492821464.500000
114193243835848.656250 	 -357766582487591.812500 	 -707086549328339.750000 	 -220689470145418.281250
170259065672396.531250 	 152710553064143.062500 	 295167048094532.375000 	 -219158925231846.093750
46815426569446.390625 	 -89622591659839.296875 	 1136643392134830.000000 	 -307525172285614.062500
96515952064078.390625 	 376699588502402.625000 	 40288245824714.632812 	 439102801003516.875000
105467950643265.562500 	 298150416372490.437500 	 545714806272465.500000 	 918778316770283.750000
512330913768847.500000 	 348043900643556.125000 	 1385898052788037.000000 	 -73574610371105.265625
-21303994300064.847656 	 234412855376135.750000 	 723748998424992.375000 	 515864205063137.312500
69521930044956.710938 	 570655599088196.250000 	 95547403560656.625000 	 387998027361035.875000
195485800785213.062500 	 431968490056371.937500 	 -3169937555703.826660 	 330732453521043.937500
371750085525592.500000 	 -107561767923098.281250 	 -670316231458550.625000 	 -49442180486554.070312
-149075129218500.093750 	 -67630114640836.718750 	 -521897375531433.562500 	 -840541876175.245117
-112061937983016.578125 	 -164689668692507.531250 	 20844748241208.183594 	 -196463443555444.656250
392116482941825.875000 	 505799767738474.500000 	 227738233949134.937500 	 249213787042171.093750
81735619922782.578125 	 -67480339410239.132812 	 394910305527914.625000 	 -95411964916741.843750
-205427626410717.125000 	 -358611811316356.812500 	 227236182155000.156250 	 711731199414141.500000
-287723448239291.687500 	 281625251356395.687500 	 547450152360763.750000 	 -200390180956567.187500
82636605863647.343750 	 234295570882141.281250 	 660811992878726.500000 	 -425999439027403.125000
-222512554879904.156250 	 -366932488072870.187500 	 157844269538898.062500 	 -111891045328848.546875
127666635378693.359375 	 157730771802929.250000 	 -501127671523512.062500 	 -346056381536673.812500
20982760859653.250000 	 -195332413191779.562500 	 -833964886753834.500000 	 63007861322900.250000
94305847199466.328125 	 280745800929073.062500 	 250730330086657.343750 	 -427501682223435.687500
171413438676711.625000 	 76194937903244.843750 	 163639301781002.125000 	 -259673830959342.906250
380731393932692.125000 	 392657828103449.875000 	 -335220199333754.125000 	 -21513606322595.214844
-322038035348135.187500 	 -401237848453531.687500 	 62731898782486.789062 	 -484010528115556.250000
-121232872984062.484375 	 11864626955484.345703 	 -717290130707799.250000 	 271722316737309.906250
139190328486435.578125 	 192844791221496.562500 	 -443536305171800.000000 	 208455093755542.562500
9731783110642.677734 	 249993584538018.843750 	 -333672383654348.375000 	 2151790778408.675537
188016524823889.468750 	 -80967195159187.546875 	 -382536417297456.562500 	 70512358472473.562500
-411555253711552.125000 	 -782993018479034.375000 	 -94887264541817.578125 	 67943929169992.289062
-356031739592517.312500 	 -280656376139311.468750 	 703349008397974.875000 	 -228465549877505.875000
267511660163824.687500 	 161303494568877.875000 	 -18221305626573.199219 	 266507359440493.281250
-59802840811721.929688 	 -205490491135492.218750 	 -917372156424258.125000 	 -582899569304598.250000
-76220252300237.578125 	 287952772011705.812500 	 752515966047148.000000 	 -99043764492641.765625
-402847441133219.000000 	 -329475807664668.812500 	 -86502042786513.281250 	 -557445486947922.125000
194244490485331.218750 	 330100017565734.000000 	 263590976463807.500000 	 -109636776647227.031250
-337266020419013.250000 	 -341398478714213.812500 	 240535140498892.312500 	 -94229270864549.390625
-256679802834099.531250 	 133682794394796.687500 	 325753891831468.062500 	 592729526868006.000000
-29264476709429.851562 	 69748853800868.648438 	 818650740319720.875000 	 -468340958157170.750000
311817240392046.000000 	 107897624618969.218750 	 299308041928887.750000 	 -539965985948686.375000
-82923364929544.796875 	 -215031851610263.812500 	 -452502019675654.312500 	 -630077715264546.375000
216311520509885.906250 	 148503780382481.437500 	 -698504598500176.375000 	 471846175680597.437500
101889030628219.390625 	 521691001105200.125000 	 1448523897660879.000000 	 339624143479999.687500
281570611643842.812500 	 1988552979773.773438 	 484162042811220.687500 	 664754728867887.125000
81156382959527.156250 	 322271606205243.937500 	 -120608508653243.656250 	 338970197876353.562500
-269543854845436.281250 	 -505603762898649.625000 	 224940098831725.000000 	 337403717003491.687500
-124176998477624.515625 	 129155603759504.468750 	 -727643112198256.625000 	 56338138065070.859375
-128043857680780.812500 	 -40174886985876.593750 	 -477588311278280.375000 	 423472338793194.500000
-132275870675466.234375 	 -270902440254275.031250 	 -71755942735977.796875 	 82387473271362.656250
287482626857511.125000 	 603109565876958.000000 	 -147921724538158.312500 	 -339388604752166.437500
-77174293436103.750000 	 91652115287293.875000 	 -1060559393669853.875000 	 -987113406287715.875000
-258505939473175.937500 	 -302276350205062.625000 	 -688697026295124.250000 	 576750612271991.500000
-98642081825030.093750 	 -351119092038596.125000 	 -467011775559812.375000 	 131559507014385.453125
91354496221318.906250 	 -245199192135119.125000 	 43208624256526.742188 	 236188002232332.500000
-77399885429191.078125 	 173250860072806.937500 	 -389552402766492.625000 	 156755958604802.031250
-344125017796923.812500 	 -538474321909969.187500 	 -45564632956917.070312 	 132110548995669.343750
176636282539164.906250 	 748578687013912.375000 	 392876464277478.187500 	 -374695389642798.375000
-227910378906122.656250 	 -435368409095878.687500 	 238884396905381.093750 	 -103237318452138.921875
461642506263477.687500 	 -27051603583223.757812 	 -513436099884991.750000 	 87578447154868.546875
113757503014359.531250 	 280220873977741.531250 	 -442314970127813.437500 	 231113266454903.718750
-110038803519292.703125 	 -448653226679463.062500 	 -300562633066642.250000 	 -43727472983324.242188
97227174995855.218750 	 -352732221829096.250000 	 66103693718627.898438 	 -79591877031253.890625
-345502502740249.375000 	 -75098319391227.250000 	 701913226843642.125000 	 -295279900482426.437500
152513254654951.687500 	 327428097253858.937500 	 240939312959658.968750 	 212656429068165.156250
-126861384414394.875000 	 -96470406456604.546875 	 -455623777094345.937500 	 -706058111971924.750000
-124964983930440.843750 	 -222592858639180.937500 	 -196412087026930.000000 	 765238387967879.500000
72798524838329.812500 	 -430485409390899.062500 	 -493784644562540.000000 	 -159380245794094.343750
137168003458045.312500 	 -282981263258156.625000 	 -394755815657899.312500 	 172784709896100.937500
-263909170231562.562500 	 -382560429789557.000000 	 430870388969864.937500 	 179800966967478.125000
439761491844066.875000 	 230196384885709.812500 	 -95806070673862.203125 	 5709973908220.906250
-65386026225094.875000 	 -555575840735446.687500 	 -1363706277835526.750000 	 463161879456370.625000
276837183836065.218750 	 202171221866527.281250 	 -122736411746640.484375 	 464543075689809.250000
-186205530955711.406250 	 -163511791086570.312500 	 354659560164377.000000 	 -125478525950738.546875
-143724444706876.875000 	 -521882514082602.437500 	 383311458333272.125000 	 -460172265216160.625000
45529581743544.539062 	 -290555755863569.812500 	 -665562310693025.875000 	 425924211212727.687500
415600275952435.750000 	 156022639392706.750000 	 -20621965995597.390625 	 -183539997332653.312500
-228574699768719.593750 	 -605424482566359.625000 	 -936774050297105.500000 	 -224128150334223.281250
-197369038969403.093750 	 -304686957323915.687500 	 47611288105994.500000 	 -386350986517015.000000
566198451852616.125000 	 220531057240369.531250 	 -291658845040158.875000 	 -165434383307971.968750
-86471200584439.125000 	 -9709869584338.083984 	 641374694812869.500000 	 -159460491809298.906250
-160147163958912.375000 	 -368452155203956.312500 	 491872000689654.437500 	 320868513059752.625000
-69686581387531.898438 	 27489284123558.257812 	 -112139685341320.562500 	 -422284971287433.250000
75128857757392.562500 	 93116073326775.046875 	 -609404970878926.875000 	 185072851427066.093750
-45785816975130.726562 	 6421768202189.601562 	 -338110291218866.812500 	 -346541768085584.875000
-147802385850611.531250 	 -131985476029032.312500 	 701845647576807.500000 	 -471890747525338.062500
418125572410.855103 	 56140438725434.718750 	 -660806473315406.250000 	 -324285239696374.812500
213747780511578.906250 	 155094641045915.468750 	 76357466944804.375000 	 132297534048712.515625
159007776618175.312500 	 327376962025039.687500 	 -119386587279555.000000 	 -873078676476362.750000
61815585780520.914062 	 269497278475488.718750 	 17561872214125.552734 	 -520251860944225.187500
-35720697637562.078125 	 237719017002990.375000 	 -561083793293642.125000 	 -274934836094630.812500
-155046968079881.687500 	 772083461733.698242 	 -420994137812599.187500 	 -21931274651262.449219
-306508945493710.625000 	 -651558327631264.750000 	 -190657704262216.750000 	 257733536588439.062500
163283392438260.718750 	 342364633073360.750000 	 -246056140575253.718750 	 -257325761534807.406250
62634376861550.929688 	 -150495048088798.437500 	 -886936453263250.375000 	 -12488203229998.708984
-182166526399062.406250 	 -216721488550983.500000 	 484772913039121.500000 	 -128861839316745.546875
23271730193679.316406 	 -256450381946563.562500 	 -483862479657659.625000 	 55944016680481.554688
-277400357105897.750000 	 -712639123869197.625000 	 -426902250634438.187500 	 304446464543467.812500
-72740080652467.093750 	 144541593303379.750000 	 -755693233788244.250000 	 -916286029887319.500000
-275779861358074.937500 	 -77043718052147.625000 	 97026246482440.734375 	 904519665609399.625000
349031034946617.000000 	 583759728134269.125000 	 30461004052830.535156 	 -64584985723927.578125
239718488103460.968750 	 1024919960660637.125000 	 263566197330072.281250 	 -426208063491209.437500
7544045625014.331055 	 -368355778661516.000000 	 -14191777099569.699219 	 336203587047203.937500
-192109548035642.031250 	 -323602693853264.375000 	 -244421997734657.875000 	 114091689098928.093750
-100118087649905.281250 	 -213146635991748.625000 	 -617799693472559.500000 	 37911940349302.531250
139893334960956.796875 	 437207188485075.687500 	 -362195273913504.125000 	 154394930894595.687500
-107552093667464.703125 	 -703741558744920.875000 	 26087380637891.015625 	 -782413472971003.125000
79156646417717.859375 	 -329136115776992.937500 	 151311189850705.875000 	 -534189616383101.187500
-579125143411711.000000 	 -1011205363351381.625000 	 -698082041794695.250000 	 304586803642751.250000
290513014211303.750000 	 479716472101922.750000 	 -39006054163393.023438 	 -493611093334965.062500
261281389615590.343750 	 136006512965135.968750 	 88772397203224.484375 	 44204588686222.382812
185762265089770.531250 	 311092138228196.062500 	 -798013859272115.375000 	 -160486175078932.781250
-586402117289883.000000 	 -482691211981507.812500 	 -252906821318357.781250 	 262574050794398.281250
-592682303038286.000000 	 -801962708016612.625000 	 331873374831127.687500 	 8751427721378.916992
73682933877038.546875 	 -147037308160612.781250 	 -463587200762747.000000 	 25178693678816.902344
-134529780338490.562500 	 -78407986434807.328125 	 -435434358250763.125000 	 -69327716769246.125000
-150743960377698.593750 	 -84972663158162.812500 	 -22961878089043.789062 	 299396864785153.187500
-7897675618904.511719 	 159943518061486.656250 	 103732607772123.531250 	 -159030857567558.343750
-18574267137691.753906 	 130603164753061.906250 	 -634871798866605.500000 	 -277864345779631.750000
112639636082160.734375 	 130937459392288.343750 	 -219676757533137.156250 	 906728964838537.625000
-7037851648009.310547 	 -223803831009011.937500 	 126176427047991.687500 	 -682223366204248.500000
95953759187724.015625 	 100406361013924.203125 	 -124663850710012.984375 	 -599968807922352.625000
47728404380856.562500 	 -212332161887829.531250 	 434900837174750.312500 	 373324632609509.125000
-519110717421707.687500 	 -166655289633028.718750 	 -319977906176054.437500 	 347517323122253.312500
-283226503375852.375000 	 -383888177043940.437500 	 -666876413531366.000000 	 78139556302510.578125
-94686843739790.906250 	 -45484297575369.125000 	 143013119914124.562500 	 484828234386312.625000
-85107514534864.375000 	 -83056646968534.515625 	 446599879016522.500000 	 -124789367688389.359375
-16635957363985.625000 	 -60744995634812.070312 	 -747205444437558.750000 	 -857480194780761.500000
54245262867728.648438 	 146901948833289.500000 	 -569731455098695.750000 	 -1153205358577605.000000
-261155287745290.250000 	 -484209456629610.062500 	 -793682365884141.375000 	 -111831321716393.140625
-391507397917573.125000 	 -494861007907001.187500 	 811264065854699.375000 	 1008374196563539.250000
-62133197612315.039062 	 -102244949336209.812500 	 -803663668250487.250000 	 -770799336203376.125000
89739362386594.984375 	 507964764303169.000000 	 492097130617306.625000 	 912057012617707.875000
-199458345813339.062500 	 -346477619601204.750000 	 144237202464432.125000 	 -754971470054489.625000
-46006871011531.437500 	 209604988937896.187500 	 -59561224667452.507812 	 -879913544989096.500000
173769540749935.531250 	 273532530410997.500000 	 324190684953792.000000 	 132282018372789.375000
-125375977969118.437500 	 7200355514010.604492 	 -597295757608251.375000 	 -165098843946088.125000
116666019108370.875000 	 220316980034387.656250 	 773801246312903.000000 	 467741513909767.125000
114524806522054.125000 	 128359950218547.796875 	 575091790350012.000000 	 628106588187628.625000
190405232886221.125000 	 322937012809469.625000 	 300642066054283.187500 	 249265823436336.812500
-439478138981672.937500 	 -523537238987726.687500 	 -440933069147962.125000 	 216275883839753.906250
-140981017299949.937500 	 -614621639988969.625000 	 -626063857015131.750000 	 363076124011060.562500
175079880463383.718750 	 497430520963866.125000 	 54736908333176.445312 	 244647421859774.000000
337991527639803.875000 	 -507265980987398.375000 	 -799485464146858.125000 	 212298553948455.468750
243356984964531.562500 	 -147935925504291.531250 	 -341911238030174.187500 	 105408618052915.812500
-44523442712924.976562 	 -326022893106099.375000 	 -448105981375194.062500 	 727123357103741.000000
-249860890259040.843750 	 257485093753827.968750 	 -8893261213526.140625 	 -867737034152571.625000
-310171097504119.687500 	 -371867021006033.875000 	 425318542732532.062500 	 -176602577024071.593750
92239552184832.218750 	 523271169284196.062500 	 517217252429674.062500 	 270028309390597.000000
-474394835838110.562500 	 -1010186298696518.000000 	 282158244267085.625000 	 -248565567366540.781250
-158375488268999.937500 	 107970991431861.906250 	 354331470236084.187500 	 679765000607762.375000
125534057281050.781250 	 335822620361417.375000 	 -176824647954485.218750 	 -573950737087756.125000
-69335652376611.312500 	 -263221468266666.468750 	 -388627302695076.312500 	 -377262775462554.062500
-43910914732219.570312 	 85899161332691.625000 	 640567391163593.375000 	 -886523987927303.625000
-17268735385674.404297 	 -175649774223118.218750 	 -598523432942494.750000 	 382424265447423.125000
-85951911809299.640625 	 169014685187954.312500 	 232378813039235.562500 	 171440192055800.843750
-57714855241237.632812 	 -727432887823206.250000 	 -1023304143503220.500000 	 -516108109730171.375000
136776891588244.234375 	 200437927563099.125000 	 -885464219692931.125000 	 34954046415578.070312
55180965826112.718750 	 -201848193529797.093750 	 290007592124510.375000 	 -1493690956016691.750000
-71120433794302.703125 	 -325094801659055.687500 	 -74763640711522.078125 	 358728778117706.187500
-237939447549349.562500 	 -279486123339338.156250 	 -1172683569285234.500000 	 -352120566406907.875000
-227465027361117.937500 	 -484950822926038.000000 	 725487611153861.125000 	 169028886897195.718750
14658431398182.822266 	 -289802654829361.625000 	 -60209092274273.273438 	 -328396291540939.562500
229462126579989.031250 	 343612677618962.250000 	 706895820908097.750000 	 -417278609392495.312500
-393414132566231.812500 	 -127031531397041.343750 	 615685999753595.625000 	 -841916062379719.875000
170985299116908.781250 	 16818775652722.873047 	 140020101085430.484375 	 -514208952384337.000000
168254108682954.156250 	 224185081864553.812500 	 333579770912096.062500 	 -65741279473530.343750
424980855104533.562500 	 594177704186153.750000 	 86319332895516.203125 	 -371628882882892.187500
-161904032647567.125000 	 -55639411904061.578125 	 -290352426136294.687500 	 -223172782581472.562500
-391513170002010.687500 	 -425654469070457.125000 	 28757130090599.378906 	 -116662024972818.671875
29679648674184.886719 	 430865593698453.062500 	 237675847690805.718750 	 -468633821303892.562500
63812418388388.281250 	 -201278328220073.656250 	 353519523058175.312500 	 -502452151549376.187500
-103687864733767.484375 	 -286388314118433.687500 	 -561207311796465.312500 	 -614758181228069.500000
-317167495739998.500000 	 -605958668663060.125000 	 352916061094762.000000 	 95299183852199.687500
-177386154454540.000000 	 177617719208416.750000 	 498612266112284.375000 	 -167088726039703.750000
368922424396609.062500 	 211054112607159.625000 	 373973437660109.750000 	 -3676762335089.301270
-144611931832423.531250 	 -472949099854847.812500 	 -108043985127918.109375 	 -438267805959395.187500
248771931739247.656250 	 428291130088744.562500 	 640579655526595.250000 	 -158799264111849.812500
-40280837591862.937500 	 -240927626045728.156250 	 -775672956257773.625000 	 -108313565606238.250000
191225436588350.718750 	 385505960096002.250000 	 395823817098911.625000 	 363393423846622.437500
414352174714438.187500 	 593031767498169.875000 	 105120828277247.546875 	 -121242295395170.875000
-342921278571267.437500 	 -900152541898524.875000 	 -481271775896265.437500 	 -292499959292844.625000
-40101889884820.671875 	 -208279234212188.906250 	 -888562908500082.625000 	 209627598367909.093750
142955262995386.625000 	 57786762335740.875000 	 -853471435469573.375000 	 -75208795580379.687500
-67603954341210.945312 	 -204754409086854.625000 	 -212441082793363.843750 	 -334487979290651.187500
124936467827544.187500 	 351568470145938.625000 	 -175504380468083.843750 	 -16557881969165.933594
-192304145566076.468750 	 -12443972238218.693359 	 43000174230819.289062 	 -145452198751940.500000
142732510934203.156250 	 356104104307535.500000 	 358051403666183.562500 	 -656622767473605.000000
-119896500130959.000000 	 -743181756307653.625000 	 -805942941713399.875000 	 139000098020286.265625
380278582832647.625000 	 517445582978339.687500 	 20356814202118.472656 	 -382004819709901.625000
-434834718409868.375000 	 -630500243584329.750000 	 -2770412936184.456055 	 23550760394447.988281
24752975233988.285156 	 -113568320651367.796875 	 317002898983299.937500 	 -218007374789113.250000
-50997893420714.171875 	 188032853877337.531250 	 -258002834915704.125000 	 -185277058026835.218750
-453595519210082.500000 	 -198310662627178.625000 	 95565800622270.531250 	 -476388649360165.750000
-105863591403428.953125 	 -84202795144548.078125 	 -31590520178814.402344 	 694325200383721.375000
246180177716164.937500 	 -11372165449365.101562 	 -600969216845470.125000 	 625565259328107.000000
107217898560877.906250 	 706068739104026.375000 	 -387360022263840.062500 	 544385854545008.875000
325572960572335.000000 	 149813082168263.937500 	 -367452527312661.375000 	 186961876029754.781250
60034640680855.914062 	 -38687168753426.132812 	 -427809440419603.562500 	 100362826390528.609375
40127705694045.093750 	 -44406916349265.632812 	 -178522131736622.375000 	 -292402829814321.437500
-39692829874091.968750 	 -358137623100662.562500 	 -762006959998662.375000 	 191926096116275.250000
103624490577205.531250 	 -29466476274797.949219 	 -463615799312311.000000 	 -533579824046628.187500
-55306121105804.007812 	 -413433275021803.375000 	 500742107279955.062500 	 1273132705467398.500000
-6661799712456.174805 	 129375129599543.625000 	 -977425197258129.125000 	 336368933948310.625000
-455276944819505.187500 	 -17380600272278.671875 	 347486367119484.312500 	 572022320020299.750000
-138481819119871.421875 	 -666443344519197.625000 	 -268698521682852.187500 	 -413901322761334.750000
55393837065222.453125 	 -7897768681731.879883 	 -89230612571796.875000 	 168443652977587.468750
-185127538080380.468750 	 -245691735697567.281250 	 722418399853310.500000 	 -118814050298576.046875
89642049184232.343750 	 220380388170540.406250 	 -357263747587566.375000 	 211799177445767.281250
-65821989618156.046875 	 -5502604965243.728516 	 662165127419392.500000 	 -54573312946981.335938
-419801492898022.125000 	 -745333258749915.875000 	 -856344793826904.250000 	 229885931208046.031250
68594097594110.031250 	 93266393268598.125000 	 447564997169148.437500 	 -34050118477555.253906
238732356416377.937500 	 473517608374081.687500 	 483875900464997.062500 	 -757213407358615.375000
-120451209319921.078125 	 -225692651138016.718750 	 362000416858148.500000 	 -183692998485449.250000
-199466229964714.125000 	 -71840554872228.000000 	 716243815135360.625000 	 984441599176207.500000
-217051095496069.750000 	 -206488655150222.218750 	 -80260606764704.734375 	 180327966286662.375000
-196894013119838.593750 	 -168798012551163.250000 	 50314769225856.617188 	 121538253198000.343750
53899831236475.500000 	 -163695040797916.687500 	 196950234439036.593750 	 -546181330473109.375000
-138770614496318.078125 	 -181533467926908.218750 	 176990886569173.437500 	 -634825460867470.500000
-110982716044388.250000 	 -830085166690791.375000 	 -1446190185445093.250000 	 712125165633589.625000
440471711703383.187500 	 438904669987687.687500 	 -459028290647261.562500 	 586613182639050.875000
438029010759892.937500 	 320011293547356.187500 	 -24242799139074.593750 	 235474146013199.281250
-159758181557379.406250 	 -273315932885901.062500 	 -171289943028776.531250 	 609611922967006.875000
171827290297865.062500 	 271778610418305.843750 	 -79695088270072.250000 	 671043776496239.500000
-124031761461590.671875 	 -203485832894464.656250 	 -134321005668305.828125 	 -1153480651248916.250000
-388773168812829.625000 	 -277984020912909.406250 	 173162964597795.906250 	 -297495667418035.937500
42136215719376.140625 	 293624379131173.875000 	 -571528862607382.250000 	 -330864858100401.187500
-178732483963049.656250 	 98196170146006.234375 	 115116060391456.140625 	 824772128916760.375000
-212307114589202.781250 	 -184181998648289.562500 	 -270874922381528.781250 	 287181542606804.562500
327610504648732.312500 	 365690110667388.875000 	 -244806493149034.750000 	 119828417320198.234375
201136242698762.843750 	 298081348515534.000000 	 401051876506331.062500 	 -11070102310131.673828
430936161714027.812500 	 857102274838512.375000 	 -136480403513882.984375 	 396605220833881.375000
-405234231292196.875000 	 -616923479498387.000000 	 -114596467488058.515625 	 710112402547512.375000
187089706013944.687500 	 317070038008311.687500 	 -91981564681988.609375 	 619949319222886.500000
-154101747689576.593750 	 282695689786424.625000 	 248679483841055.781250 	 392958142644515.062500
-126614564765295.968750 	 286320472600979.875000 	 -413666743740593.000000 	 -636199110494437.750000
168874554873322.500000 	 16434524005076.917969 	 10897900801109.083984 	 -51327839995695.390625
260126022213912.125000 	 132813815649236.234375 	 247942582083879.156250 	 -285921919667402.937500
-84919670104829.171875 	 45010450180760.070312 	 -314506242734174.500000 	 590724079347235.500000
-54552220019375.156250 	 -387960113440036.687500 	 139497216534274.828125 	 -351279984727257.062500
-82935417053562.125000 	 542910077758977.437500 	 441027167710607.875000 	 61413480624338.046875
153499914774464.750000 	 214875226663800.656250 	 21554580727574.398438 	 -64306717251816.257812
-269670720557730.406250 	 -53297465940457.687500 	 614216870568112.375000 	 -489812379223335.500000
-121608456620896.250000 	 -365373998538308.687500 	 467519211435914.562500 	 -146730424455786.343750
8557908429031.423828 	 363947089037174.250000 	 2380692916118.229980 	 154080373174919.062500
314536129083014.062500 	 405658958361603.812500 	 -55462418511945.710938 	 -1399480674433128.500000
332759809729343.125000 	 657102375971513.625000 	 397724201999606.187500 	 399273600566473.062500
300235609224330.312500 	 306436550045744.750000 	 253967634952776.031250 	 213644456505694.218750
2949793514547.642578 	 308741728326903.125000 	 194779517548225.906250 	 -632510639689580.250000
